swe,temp_avg,year,month,day,state,elevation,station_id,avg,avg_anomaly,median,median_anomaly,found
2.1,25,2000,01,01,ID,6,677,4.3,-2.2,3.9,-1.8,1
2.1,17,2000,01,02,ID,6,677,4.4,-2.3,3.9,-1.8,1
2.2,15,2000,01,03,ID,6,677,4.6,-2.4,4.0,-1.8,1
2.3,20,2000,01,04,ID,6,677,4.7,-2.4,4.0,-1.7,1
2.6,18,2000,01,05,ID,6,677,4.8,-2.2,4.1,-1.5,1
2.6,15,2000,01,06,ID,6,677,4.9,-2.3,4.1,-1.5,1
2.6,21,2000,01,07,ID,6,677,5.1,-2.5,4.2,-1.6,1
2.7,21,2000,01,08,ID,6,677,5.2,-2.5,4.3,-1.6,1
3.3,22,2000,01,09,ID,6,677,5.3,-2.0,4.5,-1.2,1
3.8,24,2000,01,10,ID,6,677,5.4,-1.6,4.7,-0.9,1
4.1,31,2000,01,11,ID,6,677,5.5,-1.4,4.9,-0.8,1
4.1,22,2000,01,12,ID,6,677,5.6,-1.5,5.1,-1.0,1
4.1,32,2000,01,13,ID,6,677,5.7,-1.6,5.3,-1.2,1
4.1,38,2000,01,14,ID,6,677,5.8,-1.7,5.5,-1.4,1
4.1,38,2000,01,15,ID,6,677,5.9,-1.8,5.6,-1.5,1
4.2,38,2000,01,16,ID,6,677,6.0,-1.8,5.7,-1.5,1
4.2,36,2000,01,17,ID,6,677,6.1,-1.9,5.7,-1.5,1
4.2,36,2000,01,18,ID,6,677,6.2,-2.0,5.7,-1.5,1
4.1,33,2000,01,19,ID,6,677,6.3,-2.2,5.8,-1.7,1
4.1,37,2000,01,20,ID,6,677,6.4,-2.3,5.8,-1.7,1
4.1,30,2000,01,21,ID,6,677,6.5,-2.4,5.9,-1.8,1
4.2,24,2000,01,22,ID,6,677,6.6,-2.4,6.0,-1.8,1
4.3,24,2000,01,23,ID,6,677,6.7,-2.4,6.1,-1.8,1
4.3,31,2000,01,24,ID,6,677,6.8,-2.5,6.2,-1.9,1
4.5,31,2000,01,25,ID,6,677,6.9,-2.4,6.3,-1.8,1
5.1,26,2000,01,26,ID,6,677,7.0,-1.9,6.5,-1.4,1
5.1,17,2000,01,27,ID,6,677,7.1,-2.0,6.6,-1.5,1
5.0,16,2000,01,28,ID,6,677,7.2,-2.2,6.8,-1.8,1
4.9,17,2000,01,29,ID,6,677,7.3,-2.4,6.9,-2.0,1
4.9,22,2000,01,30,ID,6,677,7.4,-2.5,6.9,-2.0,1
4.8,22,2000,01,31,ID,6,677,7.4,-2.6,7.0,-2.2,1
4.8,23,2000,02,01,ID,6,677,7.5,-2.7,7.1,-2.3,1
4.9,34,2000,02,02,ID,6,677,7.6,-2.7,7.1,-2.2,1
4.8,38,2000,02,03,ID,6,677,7.7,-2.9,7.1,-2.3,1
4.7,31,2000,02,04,ID,6,677,7.7,-3.0,7.2,-2.5,1
4.6,35,2000,02,05,ID,6,677,7.8,-3.2,7.3,-2.7,1
4.5,38,2000,02,06,ID,6,677,7.9,-3.4,7.4,-2.9,1
4.4,37,2000,02,07,ID,6,677,8.0,-3.6,7.6,-3.2,1
4.7,39,2000,02,08,ID,6,677,8.0,-3.3,7.7,-3.0,1
4.7,36,2000,02,09,ID,6,677,8.1,-3.4,7.8,-3.1,1
4.8,33,2000,02,10,ID,6,677,8.2,-3.4,7.9,-3.1,1
5.1,32,2000,02,11,ID,6,677,8.3,-3.2,8.0,-2.9,1
5.2,29,2000,02,12,ID,6,677,8.4,-3.2,8.2,-3.0,1
5.9,26,2000,02,13,ID,6,677,8.5,-2.6,8.3,-2.4,1
6.4,32,2000,02,14,ID,6,677,8.6,-2.2,8.4,-2.0,1
7.0,27,2000,02,15,ID,6,677,8.7,-1.7,8.5,-1.5,1
7.1,30,2000,02,16,ID,6,677,8.8,-1.7,8.7,-1.6,1
7.3,26,2000,02,17,ID,6,677,8.9,-1.6,8.8,-1.5,1
7.3,24,2000,02,18,ID,6,677,9.1,-1.8,9.0,-1.7,1
7.3,27,2000,02,19,ID,6,677,9.2,-1.9,9.1,-1.8,1
7.3,38,2000,02,20,ID,6,677,9.3,-2.0,9.3,-2.0,1
7.2,37,2000,02,21,ID,6,677,9.4,-2.2,9.4,-2.2,1
7.4,33,2000,02,22,ID,6,677,9.5,-2.1,9.5,-2.1,1
7.8,30,2000,02,23,ID,6,677,9.6,-1.8,9.6,-1.8,1
7.9,22,2000,02,24,ID,6,677,9.7,-1.8,9.6,-1.7,1
8.6,18,2000,02,25,ID,6,677,9.8,-1.2,9.5,-0.9,1
8.7,23,2000,02,26,ID,6,677,9.9,-1.2,9.5,-0.8,1
8.8,36,2000,02,27,ID,6,677,9.9,-1.1,9.4,-0.6,1
8.9,31,2000,02,28,ID,6,677,9.9,-1.0,9.4,-0.5,1
9.1,31,2000,02,29,ID,6,677,10.0,-0.9,9.3,-0.2,1
9.1,30,2000,03,01,ID,6,677,10.0,-0.9,9.3,-0.2,1
9.1,30,2000,03,02,ID,6,677,10.1,-1.0,9.3,-0.2,1
9.1,35,2000,03,03,ID,6,677,10.1,-1.0,9.3,-0.2,1
9.0,41,2000,03,04,ID,6,677,10.2,-1.2,9.3,-0.3,1
8.9,39,2000,03,05,ID,6,677,10.2,-1.3,9.3,-0.4,1
8.9,32,2000,03,06,ID,6,677,10.2,-1.3,9.4,-0.5,1
9.3,26,2000,03,07,ID,6,677,10.2,-0.9,9.5,-0.2,1
9.4,28,2000,03,08,ID,6,677,10.2,-0.8,9.5,-0.1,1
9.8,27,2000,03,09,ID,6,677,10.1,-0.3,9.5,0.3,1
10.4,26,2000,03,10,ID,6,677,10.1,0.3,9.4,1.0,1
10.5,27,2000,03,11,ID,6,677,10.0,0.5,9.4,1.1,1
10.6,28,2000,03,12,ID,6,677,9.9,0.7,9.4,1.2,1
10.6,35,2000,03,13,ID,6,677,9.8,0.8,9.3,1.3,1
10.6,35,2000,03,14,ID,6,677,9.8,0.8,9.1,1.5,1
10.7,28,2000,03,15,ID,6,677,9.7,1.0,9.0,1.7,1
10.8,31,2000,03,16,ID,6,677,9.6,1.2,8.9,1.9,1
10.8,26,2000,03,17,ID,6,677,9.6,1.2,8.8,2.0,1
11.1,30,2000,03,18,ID,6,677,9.5,1.6,8.6,2.5,1
11.1,26,2000,03,19,ID,6,677,9.4,1.7,8.6,2.5,1
11.4,22,2000,03,20,ID,6,677,9.3,2.1,8.5,2.9,1
11.5,29,2000,03,21,ID,6,677,9.2,2.3,8.5,3.0,1
11.5,36,2000,03,22,ID,6,677,9.0,2.5,8.4,3.1,1
11.5,32,2000,03,23,ID,6,677,8.8,2.7,8.3,3.2,1
11.5,31,2000,03,24,ID,6,677,8.7,2.8,8.3,3.2,1
11.4,43,2000,03,25,ID,6,677,8.5,2.9,8.3,3.1,1
11.0,44,2000,03,26,ID,6,677,8.4,2.6,8.3,2.7,1
10.2,46,2000,03,27,ID,6,677,8.2,2.0,8.2,2.0,1
9.7,33,2000,03,28,ID,6,677,8.1,1.6,8.1,1.6,1
9.6,28,2000,03,29,ID,6,677,8.0,1.6,8.0,1.6,1
9.5,30,2000,03,30,ID,6,677,7.8,1.7,8.0,1.5,1
9.4,35,2000,03,31,ID,6,677,7.7,1.7,8.0,1.4,1
9.1,37,2000,04,01,ID,6,677,7.6,1.5,7.9,1.2,1
8.6,37,2000,04,02,ID,6,677,7.4,1.2,7.7,0.9,1
8.4,40,2000,04,03,ID,6,677,7.2,1.2,7.4,1.0,1
7.9,50,2000,04,04,ID,6,677,7.0,0.9,7.1,0.8,1
6.9,46,2000,04,05,ID,6,677,6.8,0.1,6.7,0.2,1
6.0,40,2000,04,06,ID,6,677,6.6,-0.6,6.2,-0.2,1
5.5,37,2000,04,07,ID,6,677,6.4,-0.9,5.7,-0.2,1
4.9,46,2000,04,08,ID,6,677,6.1,-1.2,5.2,-0.3,1
3.6,42,2000,04,09,ID,6,677,5.8,-2.2,4.7,-1.1,1
3.1,44,2000,04,10,ID,6,677,5.5,-2.4,4.2,-1.1,1
2.1,49,2000,04,11,ID,6,677,5.2,-3.1,3.6,-1.5,1
1.1,52,2000,04,12,ID,6,677,5.0,-3.9,3.1,-2.0,1
0.2,48,2000,04,13,ID,6,677,4.7,-4.5,2.6,-2.4,1
0.2,35,2000,04,14,ID,6,677,4.4,-4.2,2.1,-1.9,1
0.4,40,2000,04,15,ID,6,677,4.2,-3.8,1.6,-1.2,1
4.0,26,2001,01,01,ID,6,677,4.3,-0.3,3.9,0.1,1
4.0,26,2001,01,02,ID,6,677,4.4,-0.4,3.9,0.1,1
4.0,31,2001,01,03,ID,6,677,4.6,-0.6,4.0,0.0,1
4.0,34,2001,01,04,ID,6,677,4.7,-0.7,4.0,0.0,1
4.0,36,2001,01,05,ID,6,677,4.8,-0.8,4.1,-0.1,1
4.0,32,2001,01,06,ID,6,677,4.9,-0.9,4.1,-0.1,1
4.0,26,2001,01,07,ID,6,677,5.1,-1.1,4.2,-0.2,1
4.0,32,2001,01,08,ID,6,677,5.2,-1.2,4.3,-0.3,1
4.0,31,2001,01,09,ID,6,677,5.3,-1.3,4.5,-0.5,1
4.1,27,2001,01,10,ID,6,677,5.4,-1.3,4.7,-0.6,1
4.2,31,2001,01,11,ID,6,677,5.5,-1.3,4.9,-0.7,1
4.3,25,2001,01,12,ID,6,677,5.6,-1.3,5.1,-0.8,1
4.6,22,2001,01,13,ID,6,677,5.7,-1.1,5.3,-0.7,1
4.8,21,2001,01,14,ID,6,677,5.8,-1.0,5.5,-0.7,1
4.9,16,2001,01,15,ID,6,677,5.9,-1.0,5.6,-0.7,1
4.9,15,2001,01,16,ID,6,677,6.0,-1.1,5.7,-0.8,1
4.9,11,2001,01,17,ID,6,677,6.1,-1.2,5.7,-0.8,1
4.9,13,2001,01,18,ID,6,677,6.2,-1.3,5.7,-0.8,1
4.9,19,2001,01,19,ID,6,677,6.3,-1.4,5.8,-0.9,1
5.1,20,2001,01,20,ID,6,677,6.4,-1.3,5.8,-0.7,1
5.1,28,2001,01,21,ID,6,677,6.5,-1.4,5.9,-0.8,1
5.2,31,2001,01,22,ID,6,677,6.6,-1.4,6.0,-0.8,1
5.2,29,2001,01,23,ID,6,677,6.7,-1.5,6.1,-0.9,1
5.2,31,2001,01,24,ID,6,677,6.8,-1.6,6.2,-1.0,1
5.2,23,2001,01,25,ID,6,677,6.9,-1.7,6.3,-1.1,1
5.4,23,2001,01,26,ID,6,677,7.0,-1.6,6.5,-1.1,1
5.4,26,2001,01,27,ID,6,677,7.1,-1.7,6.6,-1.2,1
5.4,21,2001,01,28,ID,6,677,7.2,-1.8,6.8,-1.4,1
5.4,17,2001,01,29,ID,6,677,7.3,-1.9,6.9,-1.5,1
5.5,14,2001,01,30,ID,6,677,7.4,-1.9,6.9,-1.4,1
5.5,14,2001,01,31,ID,6,677,7.4,-1.9,7.0,-1.5,1
5.6,21,2001,02,01,ID,6,677,7.5,-1.9,7.1,-1.5,1
5.6,27,2001,02,02,ID,6,677,7.6,-2.0,7.1,-1.5,1
5.6,28,2001,02,03,ID,6,677,7.7,-2.1,7.1,-1.5,1
5.7,32,2001,02,04,ID,6,677,7.7,-2.0,7.2,-1.5,1
5.7,31,2001,02,05,ID,6,677,7.8,-2.1,7.3,-1.6,1
5.7,28,2001,02,06,ID,6,677,7.9,-2.2,7.4,-1.7,1
5.7,13,2001,02,07,ID,6,677,8.0,-2.3,7.6,-1.9,1
5.7,8,2001,02,08,ID,6,677,8.0,-2.3,7.7,-2.0,1
5.7,12,2001,02,09,ID,6,677,8.1,-2.4,7.8,-2.1,1
5.7,22,2001,02,10,ID,6,677,8.2,-2.5,7.9,-2.2,1
5.8,21,2001,02,11,ID,6,677,8.3,-2.5,8.0,-2.2,1
5.9,23,2001,02,12,ID,6,677,8.4,-2.5,8.2,-2.3,1
6.0,22,2001,02,13,ID,6,677,8.5,-2.5,8.3,-2.3,1
6.0,18,2001,02,14,ID,6,677,8.6,-2.6,8.4,-2.4,1
6.0,20,2001,02,15,ID,6,677,8.7,-2.7,8.5,-2.5,1
6.0,27,2001,02,16,ID,6,677,8.8,-2.8,8.7,-2.7,1
6.1,31,2001,02,17,ID,6,677,8.9,-2.8,8.8,-2.7,1
6.1,33,2001,02,18,ID,6,677,9.1,-3.0,9.0,-2.9,1
6.2,32,2001,02,19,ID,6,677,9.2,-3.0,9.1,-2.9,1
6.2,30,2001,02,20,ID,6,677,9.3,-3.1,9.3,-3.1,1
6.6,29,2001,02,21,ID,6,677,9.4,-2.8,9.4,-2.8,1
6.6,34,2001,02,22,ID,6,677,9.5,-2.9,9.5,-2.9,1
6.8,26,2001,02,23,ID,6,677,9.6,-2.8,9.6,-2.8,1
6.9,23,2001,02,24,ID,6,677,9.7,-2.8,9.6,-2.7,1
6.9,26,2001,02,25,ID,6,677,9.8,-2.9,9.5,-2.6,1
7.0,25,2001,02,26,ID,6,677,9.9,-2.9,9.5,-2.5,1
7.0,22,2001,02,27,ID,6,677,9.9,-2.9,9.4,-2.4,1
7.0,23,2001,02,28,ID,6,677,9.9,-2.9,9.4,-2.4,1
7.0,24,2001,03,01,ID,6,677,10.0,-3.0,9.3,-2.3,1
7.0,27,2001,03,02,ID,6,677,10.1,-3.1,9.3,-2.3,1
7.2,26,2001,03,03,ID,6,677,10.1,-2.9,9.3,-2.1,1
7.3,33,2001,03,04,ID,6,677,10.2,-2.9,9.3,-2.0,1
7.3,40,2001,03,05,ID,6,677,10.2,-2.9,9.3,-2.0,1
7.2,43,2001,03,06,ID,6,677,10.2,-3.0,9.4,-2.2,1
7.0,40,2001,03,07,ID,6,677,10.2,-3.2,9.5,-2.5,1
6.8,38,2001,03,08,ID,6,677,10.2,-3.4,9.5,-2.7,1
6.6,34,2001,03,09,ID,6,677,10.1,-3.5,9.5,-2.9,1
6.7,33,2001,03,10,ID,6,677,10.1,-3.4,9.4,-2.7,1
6.4,27,2001,03,11,ID,6,677,10.0,-3.6,9.4,-3.0,1
6.4,28,2001,03,12,ID,6,677,9.9,-3.5,9.4,-3.0,1
6.4,35,2001,03,13,ID,6,677,9.8,-3.4,9.3,-2.9,1
6.3,27,2001,03,14,ID,6,677,9.8,-3.5,9.1,-2.8,1
6.3,28,2001,03,15,ID,6,677,9.7,-3.4,9.0,-2.7,1
6.3,28,2001,03,16,ID,6,677,9.6,-3.3,8.9,-2.6,1
6.4,30,2001,03,17,ID,6,677,9.6,-3.2,8.8,-2.4,1
6.3,36,2001,03,18,ID,6,677,9.5,-3.2,8.6,-2.3,1
6.1,41,2001,03,19,ID,6,677,9.4,-3.3,8.6,-2.5,1
5.6,43,2001,03,20,ID,6,677,9.3,-3.7,8.5,-2.9,1
5.2,40,2001,03,21,ID,6,677,9.2,-4.0,8.5,-3.3,1
5.0,43,2001,03,22,ID,6,677,9.0,-4.0,8.4,-3.4,1
4.5,46,2001,03,23,ID,6,677,8.8,-4.3,8.3,-3.8,1
3.9,44,2001,03,24,ID,6,677,8.7,-4.8,8.3,-4.4,1
3.4,43,2001,03,25,ID,6,677,8.5,-5.1,8.3,-4.9,1
2.8,38,2001,03,26,ID,6,677,8.4,-5.6,8.3,-5.5,1
2.5,31,2001,03,27,ID,6,677,8.2,-5.7,8.2,-5.7,1
1.8,35,2001,03,28,ID,6,677,8.1,-6.3,8.1,-6.3,1
1.9,35,2001,03,29,ID,6,677,8.0,-6.1,8.0,-6.1,1
1.3,35,2001,03,30,ID,6,677,7.8,-6.5,8.0,-6.7,1
0.9,37,2001,03,31,ID,6,677,7.7,-6.8,8.0,-7.1,1
0.4,42,2001,04,01,ID,6,677,7.6,-7.2,7.9,-7.5,1
0.4,33,2001,04,04,ID,6,677,7.0,-6.6,7.1,-6.7,1
0.3,35,2001,04,05,ID,6,677,6.8,-6.5,6.7,-6.4,1
0.2,33,2001,04,06,ID,6,677,6.6,-6.4,6.2,-6.0,1
0.6,29,2001,04,07,ID,6,677,6.4,-5.8,5.7,-5.1,1
1.4,24,2001,04,08,ID,6,677,6.1,-4.7,5.2,-3.8,1
1.5,27,2001,04,09,ID,6,677,5.8,-4.3,4.7,-3.2,1
1.4,30,2001,04,10,ID,6,677,5.5,-4.1,4.2,-2.8,1
1.4,30,2001,04,11,ID,6,677,5.2,-3.8,3.6,-2.2,1
1.3,28,2001,04,12,ID,6,677,5.0,-3.7,3.1,-1.8,1
1.5,30,2001,04,13,ID,6,677,4.7,-3.2,2.6,-1.1,1
1.6,32,2001,04,14,ID,6,677,4.4,-2.8,2.1,-0.5,1
1.3,40,2001,04,15,ID,6,677,4.2,-2.9,1.6,-0.3,1
0.7,49,2001,04,16,ID,6,677,3.9,-3.2,1.1,-0.4,1
0.3,35,2001,04,21,ID,6,677,2.7,-2.4,0.2,0.1,1
0.1,36,2001,04,22,ID,6,677,2.5,-2.4,0.0,0.1,1
7.3,27,2002,01,01,ID,6,677,4.3,3.0,3.9,3.4,1
7.3,28,2002,01,02,ID,6,677,4.4,2.9,3.9,3.4,1
7.3,28,2002,01,03,ID,6,677,4.6,2.7,4.0,3.3,1
7.3,24,2002,01,04,ID,6,677,4.7,2.6,4.0,3.3,1
7.3,24,2002,01,05,ID,6,677,4.8,2.5,4.1,3.2,1
7.4,29,2002,01,06,ID,6,677,4.9,2.5,4.1,3.3,1
7.5,38,2002,01,07,ID,6,677,5.1,2.4,4.2,3.3,1
7.5,41,2002,01,08,ID,6,677,5.2,2.3,4.3,3.2,1
7.5,32,2002,01,09,ID,6,677,5.3,2.2,4.5,3.0,1
7.5,29,2002,01,10,ID,6,677,5.4,2.1,4.7,2.8,1
7.5,31,2002,01,11,ID,6,677,5.5,2.0,4.9,2.6,1
7.5,33,2002,01,12,ID,6,677,5.6,1.9,5.1,2.4,1
7.5,24,2002,01,13,ID,6,677,5.7,1.8,5.3,2.2,1
7.5,26,2002,01,14,ID,6,677,5.8,1.7,5.5,2.0,1
7.5,20,2002,01,15,ID,6,677,5.9,1.6,5.6,1.9,1
7.5,16,2002,01,16,ID,6,677,6.0,1.5,5.7,1.8,1
7.5,17,2002,01,17,ID,6,677,6.1,1.4,5.7,1.8,1
7.6,17,2002,01,18,ID,6,677,6.2,1.4,5.7,1.9,1
7.8,17,2002,01,19,ID,6,677,6.3,1.5,5.8,2.0,1
7.8,18,2002,01,20,ID,6,677,6.4,1.4,5.8,2.0,1
8.1,27,2002,01,21,ID,6,677,6.5,1.6,5.9,2.2,1
8.9,17,2002,01,22,ID,6,677,6.6,2.3,6.0,2.9,1
8.9,16,2002,01,23,ID,6,677,6.7,2.2,6.1,2.8,1
9.0,19,2002,01,24,ID,6,677,6.8,2.2,6.2,2.8,1
9.0,31,2002,01,25,ID,6,677,6.9,2.1,6.3,2.7,1
9.0,35,2002,01,26,ID,6,677,7.0,2.0,6.5,2.5,1
9.0,27,2002,01,27,ID,6,677,7.1,1.9,6.6,2.4,1
9.5,15,2002,01,28,ID,6,677,7.2,2.3,6.8,2.7,1
9.7,10,2002,01,29,ID,6,677,7.3,2.4,6.9,2.8,1
9.7,10,2002,01,30,ID,6,677,7.4,2.3,6.9,2.8,1
9.7,14,2002,01,31,ID,6,677,7.4,2.3,7.0,2.7,1
9.7,19,2002,02,01,ID,6,677,7.5,2.2,7.1,2.6,1
9.7,22,2002,02,02,ID,6,677,7.6,2.1,7.1,2.6,1
9.8,21,2002,02,03,ID,6,677,7.7,2.1,7.1,2.7,1
9.8,23,2002,02,04,ID,6,677,7.7,2.1,7.2,2.6,1
9.8,24,2002,02,05,ID,6,677,7.8,2.0,7.3,2.5,1
9.8,28,2002,02,06,ID,6,677,7.9,1.9,7.4,2.4,1
9.8,34,2002,02,07,ID,6,677,8.0,1.8,7.6,2.2,1
9.8,24,2002,02,08,ID,6,677,8.0,1.8,7.7,2.1,1
9.9,23,2002,02,09,ID,6,677,8.1,1.8,7.8,2.1,1
9.9,25,2002,02,10,ID,6,677,8.2,1.7,7.9,2.0,1
9.9,30,2002,02,11,ID,6,677,8.3,1.6,8.0,1.9,1
9.9,22,2002,02,12,ID,6,677,8.4,1.5,8.2,1.7,1
9.9,26,2002,02,13,ID,6,677,8.5,1.4,8.3,1.6,1
9.9,24,2002,02,14,ID,6,677,8.6,1.3,8.4,1.5,1
9.9,27,2002,02,15,ID,6,677,8.7,1.2,8.5,1.4,1
9.9,37,2002,02,16,ID,6,677,8.8,1.1,8.7,1.2,1
9.9,38,2002,02,17,ID,6,677,8.9,1.0,8.8,1.1,1
9.9,32,2002,02,18,ID,6,677,9.1,0.8,9.0,0.9,1
9.9,29,2002,02,19,ID,6,677,9.2,0.7,9.1,0.8,1
10.2,31,2002,02,20,ID,6,677,9.3,0.9,9.3,0.9,1
10.3,31,2002,02,21,ID,6,677,9.4,0.9,9.4,0.9,1
10.3,39,2002,02,22,ID,6,677,9.5,0.8,9.5,0.8,1
10.4,39,2002,02,23,ID,6,677,9.6,0.8,9.6,0.8,1
10.4,29,2002,02,24,ID,6,677,9.7,0.7,9.6,0.8,1
10.6,14,2002,02,25,ID,6,677,9.8,0.8,9.5,1.1,1
10.6,15,2002,02,26,ID,6,677,9.9,0.7,9.5,1.1,1
10.6,21,2002,02,27,ID,6,677,9.9,0.7,9.4,1.2,1
10.6,19,2002,02,28,ID,6,677,9.9,0.7,9.4,1.2,1
10.6,14,2002,03,01,ID,6,677,10.0,0.6,9.3,1.3,1
10.6,15,2002,03,02,ID,6,677,10.1,0.5,9.3,1.3,1
10.6,16,2002,03,03,ID,6,677,10.1,0.5,9.3,1.3,1
10.6,27,2002,03,04,ID,6,677,10.2,0.4,9.3,1.3,1
10.7,35,2002,03,05,ID,6,677,10.2,0.5,9.3,1.4,1
10.7,37,2002,03,06,ID,6,677,10.2,0.5,9.4,1.3,1
11.0,32,2002,03,07,ID,6,677,10.2,0.8,9.5,1.5,1
11.5,17,2002,03,08,ID,6,677,10.2,1.3,9.5,2.0,1
11.5,26,2002,03,09,ID,6,677,10.1,1.4,9.5,2.0,1
11.6,35,2002,03,10,ID,6,677,10.1,1.5,9.4,2.2,1
11.6,34,2002,03,11,ID,6,677,10.0,1.6,9.4,2.2,1
11.6,35,2002,03,12,ID,6,677,9.9,1.7,9.4,2.2,1
11.8,28,2002,03,13,ID,6,677,9.8,2.0,9.3,2.5,1
11.8,23,2002,03,14,ID,6,677,9.8,2.0,9.1,2.7,1
11.8,24,2002,03,15,ID,6,677,9.7,2.1,9.0,2.8,1
11.8,24,2002,03,16,ID,6,677,9.6,2.2,8.9,2.9,1
11.9,23,2002,03,17,ID,6,677,9.6,2.3,8.8,3.1,1
11.9,22,2002,03,18,ID,6,677,9.5,2.4,8.6,3.3,1
11.9,27,2002,03,19,ID,6,677,9.4,2.5,8.6,3.3,1
11.9,39,2002,03,20,ID,6,677,9.3,2.6,8.5,3.4,1
11.6,47,2002,03,21,ID,6,677,9.2,2.4,8.5,3.1,1
11.3,48,2002,03,22,ID,6,677,9.0,2.3,8.4,2.9,1
10.7,43,2002,03,23,ID,6,677,8.8,1.9,8.3,2.4,1
10.3,34,2002,03,24,ID,6,677,8.7,1.6,8.3,2.0,1
10.3,34,2002,03,25,ID,6,677,8.5,1.8,8.3,2.0,1
10.2,37,2002,03,26,ID,6,677,8.4,1.8,8.3,1.9,1
10.0,39,2002,03,27,ID,6,677,8.2,1.8,8.2,1.8,1
9.7,38,2002,03,28,ID,6,677,8.1,1.6,8.1,1.6,1
9.4,39,2002,03,29,ID,6,677,8.0,1.4,8.0,1.4,1
8.9,42,2002,03,30,ID,6,677,7.8,1.1,8.0,0.9,1
8.6,46,2002,03,31,ID,6,677,7.7,0.9,8.0,0.6,1
7.8,47,2002,04,01,ID,6,677,7.6,0.2,7.9,-0.1,1
7.3,40,2002,04,02,ID,6,677,7.4,-0.1,7.7,-0.4,1
6.9,43,2002,04,03,ID,6,677,7.2,-0.3,7.4,-0.5,1
6.4,48,2002,04,04,ID,6,677,7.0,-0.6,7.1,-0.7,1
5.3,53,2002,04,05,ID,6,677,6.8,-1.5,6.7,-1.4,1
4.2,49,2002,04,06,ID,6,677,6.6,-2.4,6.2,-2.0,1
3.3,42,2002,04,07,ID,6,677,6.4,-3.1,5.7,-2.4,1
2.2,43,2002,04,08,ID,6,677,6.1,-3.9,5.2,-3.0,1
1.2,47,2002,04,09,ID,6,677,5.8,-4.6,4.7,-3.5,1
0.6,40,2002,04,10,ID,6,677,5.5,-4.9,4.2,-3.6,1
0.8,31,2002,04,16,ID,6,677,3.9,-3.1,1.1,-0.3,1
0.7,34,2002,04,17,ID,6,677,3.7,-3.0,0.8,-0.1,1
1.0,32,2002,04,18,ID,6,677,3.4,-2.4,0.6,0.4,1
1.0,34,2002,04,19,ID,6,677,3.2,-2.2,0.3,0.7,1
1.2,33,2002,04,20,ID,6,677,2.9,-1.7,0.2,1.0,1
1.3,37,2002,04,21,ID,6,677,2.7,-1.4,0.2,1.1,1
1.1,45,2002,04,22,ID,6,677,2.5,-1.4,0.0,1.1,1
0.3,43,2002,04,23,ID,6,677,2.2,-1.9,0.0,0.3,1
1.1,38,2002,05,22,ID,6,677,0.0,1.1,0.0,1.1,1
0.6,42,2002,05,23,ID,6,677,0.0,0.6,0.0,0.6,1
0.3,45,2002,05,24,ID,6,677,0.0,0.3,0.0,0.3,1
3.7,28,2003,01,01,ID,6,677,4.3,-0.6,3.9,-0.2,1
3.7,31,2003,01,02,ID,6,677,4.4,-0.7,3.9,-0.2,1
3.7,36,2003,01,03,ID,6,677,4.6,-0.9,4.0,-0.3,1
3.7,38,2003,01,04,ID,6,677,4.7,-1.0,4.0,-0.3,1
3.7,32,2003,01,05,ID,6,677,4.8,-1.1,4.1,-0.4,1
3.9,35,2003,01,06,ID,6,677,4.9,-1.0,4.1,-0.2,1
3.9,38,2003,01,07,ID,6,677,5.1,-1.2,4.2,-0.3,1
3.9,37,2003,01,08,ID,6,677,5.2,-1.3,4.3,-0.4,1
3.9,33,2003,01,09,ID,6,677,5.3,-1.4,4.5,-0.6,1
3.9,31,2003,01,10,ID,6,677,5.4,-1.5,4.7,-0.8,1
3.9,32,2003,01,11,ID,6,677,5.5,-1.6,4.9,-1.0,1
3.9,31,2003,01,12,ID,6,677,5.6,-1.7,5.1,-1.2,1
4.0,37,2003,01,13,ID,6,677,5.7,-1.7,5.3,-1.3,1
4.0,39,2003,01,14,ID,6,677,5.8,-1.8,5.5,-1.5,1
4.0,29,2003,01,15,ID,6,677,5.9,-1.9,5.6,-1.6,1
4.0,30,2003,01,16,ID,6,677,6.0,-2.0,5.7,-1.7,1
4.0,30,2003,01,17,ID,6,677,6.1,-2.1,5.7,-1.7,1
4.0,31,2003,01,18,ID,6,677,6.2,-2.2,5.7,-1.7,1
4.0,35,2003,01,19,ID,6,677,6.3,-2.3,5.8,-1.8,1
4.0,37,2003,01,20,ID,6,677,6.4,-2.4,5.8,-1.8,1
4.1,37,2003,01,21,ID,6,677,6.5,-2.4,5.9,-1.8,1
4.1,35,2003,01,22,ID,6,677,6.6,-2.5,6.0,-1.9,1
4.1,35,2003,01,23,ID,6,677,6.7,-2.6,6.1,-2.0,1
4.2,35,2003,01,24,ID,6,677,6.8,-2.6,6.2,-2.0,1
4.2,34,2003,01,25,ID,6,677,6.9,-2.7,6.3,-2.1,1
4.2,36,2003,01,26,ID,6,677,7.0,-2.8,6.5,-2.3,1
4.2,39,2003,01,27,ID,6,677,7.1,-2.9,6.6,-2.4,1
4.5,32,2003,01,28,ID,6,677,7.2,-2.7,6.8,-2.3,1
4.5,33,2003,01,29,ID,6,677,7.3,-2.8,6.9,-2.4,1
4.4,36,2003,01,30,ID,6,677,7.4,-3.0,6.9,-2.5,1
4.4,42,2003,01,31,ID,6,677,7.4,-3.0,7.0,-2.6,1
4.4,41,2003,02,01,ID,6,677,7.5,-3.1,7.1,-2.7,1
4.6,26,2003,02,02,ID,6,677,7.6,-3.0,7.1,-2.5,1
4.8,23,2003,02,03,ID,6,677,7.7,-2.9,7.1,-2.3,1
5.1,22,2003,02,04,ID,6,677,7.7,-2.6,7.2,-2.1,1
5.3,18,2003,02,05,ID,6,677,7.8,-2.5,7.3,-2.0,1
5.3,15,2003,02,06,ID,6,677,7.9,-2.6,7.4,-2.1,1
5.3,16,2003,02,07,ID,6,677,8.0,-2.7,7.6,-2.3,1
5.3,16,2003,02,08,ID,6,677,8.0,-2.7,7.7,-2.4,1
5.3,19,2003,02,09,ID,6,677,8.1,-2.8,7.8,-2.5,1
5.4,28,2003,02,10,ID,6,677,8.2,-2.8,7.9,-2.5,1
5.4,32,2003,02,11,ID,6,677,8.3,-2.9,8.0,-2.6,1
5.4,38,2003,02,12,ID,6,677,8.4,-3.0,8.2,-2.8,1
5.4,36,2003,02,13,ID,6,677,8.5,-3.1,8.3,-2.9,1
5.6,34,2003,02,14,ID,6,677,8.6,-3.0,8.4,-2.8,1
5.8,35,2003,02,15,ID,6,677,8.7,-2.9,8.5,-2.7,1
5.8,33,2003,02,16,ID,6,677,8.8,-3.0,8.7,-2.9,1
6.1,30,2003,02,17,ID,6,677,8.9,-2.8,8.8,-2.7,1
6.1,29,2003,02,18,ID,6,677,9.1,-3.0,9.0,-2.9,1
6.1,28,2003,02,19,ID,6,677,9.2,-3.1,9.1,-3.0,1
6.2,31,2003,02,20,ID,6,677,9.3,-3.1,9.3,-3.1,1
6.2,33,2003,02,21,ID,6,677,9.4,-3.2,9.4,-3.2,1
6.3,27,2003,02,22,ID,6,677,9.5,-3.2,9.5,-3.2,1
7.2,22,2003,02,23,ID,6,677,9.6,-2.4,9.6,-2.4,1
7.3,19,2003,02,24,ID,6,677,9.7,-2.4,9.6,-2.3,1
7.4,25,2003,02,25,ID,6,677,9.8,-2.4,9.5,-2.1,1
7.4,27,2003,02,26,ID,6,677,9.9,-2.5,9.5,-2.1,1
7.4,28,2003,02,27,ID,6,677,9.9,-2.5,9.4,-2.0,1
7.4,27,2003,02,28,ID,6,677,9.9,-2.5,9.4,-2.0,1
7.4,26,2003,03,01,ID,6,677,10.0,-2.6,9.3,-1.9,1
7.5,27,2003,03,02,ID,6,677,10.1,-2.6,9.3,-1.8,1
7.5,28,2003,03,03,ID,6,677,10.1,-2.6,9.3,-1.8,1
7.6,24,2003,03,04,ID,6,677,10.2,-2.6,9.3,-1.7,1
7.6,26,2003,03,05,ID,6,677,10.2,-2.6,9.3,-1.7,1
7.7,34,2003,03,06,ID,6,677,10.2,-2.5,9.4,-1.7,1
7.8,35,2003,03,07,ID,6,677,10.2,-2.4,9.5,-1.7,1
7.8,39,2003,03,08,ID,6,677,10.2,-2.4,9.5,-1.7,1
7.6,40,2003,03,09,ID,6,677,10.1,-2.5,9.5,-1.9,1
7.4,40,2003,03,10,ID,6,677,10.1,-2.7,9.4,-2.0,1
6.9,42,2003,03,11,ID,6,677,10.0,-3.1,9.4,-2.5,1
6.7,44,2003,03,12,ID,6,677,9.9,-3.2,9.4,-2.7,1
6.2,50,2003,03,13,ID,6,677,9.8,-3.6,9.3,-3.1,1
5.5,42,2003,03,14,ID,6,677,9.8,-4.3,9.1,-3.6,1
5.5,41,2003,03,15,ID,6,677,9.7,-4.2,9.0,-3.5,1
5.4,36,2003,03,16,ID,6,677,9.6,-4.2,8.9,-3.5,1
5.4,33,2003,03,17,ID,6,677,9.6,-4.2,8.8,-3.4,1
5.4,30,2003,03,18,ID,6,677,9.5,-4.1,8.6,-3.2,1
5.5,36,2003,03,19,ID,6,677,9.4,-3.9,8.6,-3.1,1
5.4,37,2003,03,20,ID,6,677,9.3,-3.9,8.5,-3.1,1
5.3,37,2003,03,21,ID,6,677,9.2,-3.9,8.5,-3.2,1
4.7,43,2003,03,22,ID,6,677,9.0,-4.3,8.4,-3.7,1
4.3,37,2003,03,23,ID,6,677,8.8,-4.5,8.3,-4.0,1
4.2,34,2003,03,24,ID,6,677,8.7,-4.5,8.3,-4.1,1
4.0,39,2003,03,25,ID,6,677,8.5,-4.5,8.3,-4.3,1
3.6,33,2003,03,26,ID,6,677,8.4,-4.8,8.3,-4.7,1
4.0,27,2003,03,27,ID,6,677,8.2,-4.2,8.2,-4.2,1
4.1,29,2003,03,28,ID,6,677,8.1,-4.0,8.1,-4.0,1
4.1,35,2003,03,29,ID,6,677,8.0,-3.9,8.0,-3.9,1
4.0,42,2003,03,30,ID,6,677,7.8,-3.8,8.0,-4.0,1
3.4,48,2003,03,31,ID,6,677,7.7,-4.3,8.0,-4.6,1
2.5,47,2003,04,01,ID,6,677,7.6,-5.1,7.9,-5.4,1
2.0,36,2003,04,02,ID,6,677,7.4,-5.4,7.7,-5.7,1
2.0,27,2003,04,03,ID,6,677,7.2,-5.2,7.4,-5.4,1
2.1,28,2003,04,04,ID,6,677,7.0,-4.9,7.1,-5.0,1
2.1,30,2003,04,05,ID,6,677,6.8,-4.7,6.7,-4.6,1
2.4,28,2003,04,06,ID,6,677,6.6,-4.2,6.2,-3.8,1
2.4,33,2003,04,07,ID,6,677,6.4,-4.0,5.7,-3.3,1
2.3,41,2003,04,08,ID,6,677,6.1,-3.8,5.2,-2.9,1
1.6,50,2003,04,09,ID,6,677,5.8,-4.2,4.7,-3.1,1
0.4,54,2003,04,10,ID,6,677,5.5,-5.1,4.2,-3.8,1
0.2,55,2003,04,11,ID,6,677,5.2,-5.0,3.6,-3.4,1
0.1,36,2003,05,09,ID,6,677,0.1,0.0,0.0,0.1,1
0.2,39,2003,05,10,ID,6,677,0.1,0.1,0.0,0.2,1
0.1,42,2003,05,11,ID,6,677,0.1,0.0,0.0,0.1,1
8.5,26,2004,01,01,ID,6,677,4.3,4.2,3.9,4.6,1
9.1,21,2004,01,02,ID,6,677,4.4,4.7,3.9,5.2,1
9.2,17,2004,01,03,ID,6,677,4.6,4.6,4.0,5.2,1
9.2,13,2004,01,04,ID,6,677,4.7,4.5,4.0,5.2,1
9.3,10,2004,01,05,ID,6,677,4.8,4.5,4.1,5.2,1
9.4,18,2004,01,06,ID,6,677,4.9,4.5,4.1,5.3,1
9.5,24,2004,01,07,ID,6,677,5.1,4.4,4.2,5.3,1
9.7,31,2004,01,08,ID,6,677,5.2,4.5,4.3,5.4,1
9.7,39,2004,01,09,ID,6,677,5.3,4.4,4.5,5.2,1
9.7,38,2004,01,10,ID,6,677,5.4,4.3,4.7,5.0,1
9.7,38,2004,01,11,ID,6,677,5.5,4.2,4.9,4.8,1
9.6,36,2004,01,12,ID,6,677,5.6,4.0,5.1,4.5,1
9.6,35,2004,01,13,ID,6,677,5.7,3.9,5.3,4.3,1
9.5,37,2004,01,14,ID,6,677,5.8,3.7,5.5,4.0,1
9.5,32,2004,01,15,ID,6,677,5.9,3.6,5.6,3.9,1
9.4,26,2004,01,16,ID,6,677,6.0,3.4,5.7,3.7,1
9.4,28,2004,01,17,ID,6,677,6.1,3.3,5.7,3.7,1
9.4,24,2004,01,18,ID,6,677,6.2,3.2,5.7,3.7,1
9.4,25,2004,01,19,ID,6,677,6.3,3.1,5.8,3.6,1
9.4,25,2004,01,20,ID,6,677,6.4,3.0,5.8,3.6,1
9.3,20,2004,01,21,ID,6,677,6.5,2.8,5.9,3.4,1
9.2,16,2004,01,22,ID,6,677,6.6,2.6,6.0,3.2,1
9.2,26,2004,01,23,ID,6,677,6.7,2.5,6.1,3.1,1
9.3,27,2004,01,24,ID,6,677,6.8,2.5,6.2,3.1,1
9.4,18,2004,01,25,ID,6,677,6.9,2.5,6.3,3.1,1
9.6,18,2004,01,26,ID,6,677,7.0,2.6,6.5,3.1,1
9.8,22,2004,01,27,ID,6,677,7.1,2.7,6.6,3.2,1
10.0,29,2004,01,28,ID,6,677,7.2,2.8,6.8,3.2,1
10.1,30,2004,01,29,ID,6,677,7.3,2.8,6.9,3.2,1
10.6,29,2004,01,30,ID,6,677,7.4,3.2,6.9,3.7,1
10.7,18,2004,01,31,ID,6,677,7.4,3.3,7.0,3.7,1
10.7,17,2004,02,01,ID,6,677,7.5,3.2,7.1,3.6,1
10.9,25,2004,02,02,ID,6,677,7.6,3.3,7.1,3.8,1
11.0,28,2004,02,03,ID,6,677,7.7,3.3,7.1,3.9,1
11.1,25,2004,02,04,ID,6,677,7.7,3.4,7.2,3.9,1
11.1,23,2004,02,05,ID,6,677,7.8,3.3,7.3,3.8,1
11.1,21,2004,02,06,ID,6,677,7.9,3.2,7.4,3.7,1
11.1,23,2004,02,07,ID,6,677,8.0,3.1,7.6,3.5,1
11.7,22,2004,02,08,ID,6,677,8.0,3.7,7.7,4.0,1
11.8,21,2004,02,09,ID,6,677,8.1,3.7,7.8,4.0,1
11.8,19,2004,02,10,ID,6,677,8.2,3.6,7.9,3.9,1
11.8,19,2004,02,11,ID,6,677,8.3,3.5,8.0,3.8,1
11.8,17,2004,02,12,ID,6,677,8.4,3.4,8.2,3.6,1
11.8,19,2004,02,13,ID,6,677,8.5,3.3,8.3,3.5,1
11.8,25,2004,02,14,ID,6,677,8.6,3.2,8.4,3.4,1
11.8,25,2004,02,15,ID,6,677,8.7,3.1,8.5,3.3,1
11.9,31,2004,02,16,ID,6,677,8.8,3.1,8.7,3.2,1
12.2,38,2004,02,17,ID,6,677,8.9,3.3,8.8,3.4,1
12.3,40,2004,02,18,ID,6,677,9.1,3.2,9.0,3.3,1
12.3,29,2004,02,19,ID,6,677,9.2,3.1,9.1,3.2,1
12.5,28,2004,02,20,ID,6,677,9.3,3.2,9.3,3.2,1
12.5,29,2004,02,21,ID,6,677,9.4,3.1,9.4,3.1,1
12.5,33,2004,02,22,ID,6,677,9.5,3.0,9.5,3.0,1
12.5,37,2004,02,23,ID,6,677,9.6,2.9,9.6,2.9,1
12.6,33,2004,02,24,ID,6,677,9.7,2.9,9.6,3.0,1
12.6,33,2004,02,25,ID,6,677,9.8,2.8,9.5,3.1,1
12.6,31,2004,02,26,ID,6,677,9.9,2.7,9.5,3.1,1
13.7,32,2004,02,27,ID,6,677,9.9,3.8,9.4,4.3,1
13.8,28,2004,02,28,ID,6,677,9.9,3.9,9.4,4.4,1
14.5,27,2004,02,29,ID,6,677,10.0,4.5,9.3,5.2,1
14.7,27,2004,03,01,ID,6,677,10.0,4.7,9.3,5.4,1
14.7,29,2004,03,02,ID,6,677,10.1,4.6,9.3,5.4,1
14.7,27,2004,03,03,ID,6,677,10.1,4.6,9.3,5.4,1
14.7,27,2004,03,04,ID,6,677,10.2,4.5,9.3,5.4,1
15.0,27,2004,03,05,ID,6,677,10.2,4.8,9.3,5.7,1
15.1,31,2004,03,06,ID,6,677,10.2,4.9,9.4,5.7,1
15.2,35,2004,03,07,ID,6,677,10.2,5.0,9.5,5.7,1
15.2,42,2004,03,08,ID,6,677,10.2,5.0,9.5,5.7,1
15.1,42,2004,03,09,ID,6,677,10.1,5.0,9.5,5.6,1
14.9,39,2004,03,10,ID,6,677,10.1,4.8,9.4,5.5,1
14.7,40,2004,03,11,ID,6,677,10.0,4.7,9.4,5.3,1
14.5,40,2004,03,12,ID,6,677,9.9,4.6,9.4,5.1,1
14.1,40,2004,03,13,ID,6,677,9.8,4.3,9.3,4.8,1
13.9,40,2004,03,14,ID,6,677,9.8,4.1,9.1,4.8,1
13.7,39,2004,03,15,ID,6,677,9.7,4.0,9.0,4.7,1
13.5,40,2004,03,16,ID,6,677,9.6,3.9,8.9,4.6,1
13.1,44,2004,03,17,ID,6,677,9.6,3.5,8.8,4.3,1
12.8,47,2004,03,18,ID,6,677,9.5,3.3,8.6,4.2,1
12.2,50,2004,03,19,ID,6,677,9.4,2.8,8.6,3.6,1
11.5,53,2004,03,20,ID,6,677,9.3,2.2,8.5,3.0,1
11.0,56,2004,03,21,ID,6,677,9.2,1.8,8.5,2.5,1
10.4,56,2004,03,22,ID,6,677,9.0,1.4,8.4,2.0,1
9.7,54,2004,03,23,ID,6,677,8.8,0.9,8.3,1.4,1
8.9,50,2004,03,24,ID,6,677,8.7,0.2,8.3,0.6,1
8.3,49,2004,03,25,ID,6,677,8.5,-0.2,8.3,0.0,1
7.6,35,2004,03,26,ID,6,677,8.4,-0.8,8.3,-0.7,1
8.3,32,2004,03,27,ID,6,677,8.2,0.1,8.2,0.1,1
8.4,37,2004,03,28,ID,6,677,8.1,0.3,8.1,0.3,1
8.4,44,2004,03,29,ID,6,677,8.0,0.4,8.0,0.4,1
8.1,52,2004,03,30,ID,6,677,7.8,0.3,8.0,0.1,1
7.0,55,2004,03,31,ID,6,677,7.7,-0.7,8.0,-1.0,1
6.0,40,2004,04,01,ID,6,677,7.6,-1.6,7.9,-1.9,1
5.5,47,2004,04,02,ID,6,677,7.4,-1.9,7.7,-2.2,1
4.3,48,2004,04,03,ID,6,677,7.2,-2.9,7.4,-3.1,1
3.3,52,2004,04,04,ID,6,677,7.0,-3.7,7.1,-3.8,1
2.0,53,2004,04,05,ID,6,677,6.8,-4.8,6.7,-4.7,1
0.9,49,2004,04,06,ID,6,677,6.6,-5.7,6.2,-5.3,1
0.2,37,2004,04,18,ID,6,677,3.4,-3.2,0.6,-0.4,1
0.1,35,2004,04,20,ID,6,677,2.9,-2.8,0.2,-0.1,1
0.1,35,2004,04,21,ID,6,677,2.7,-2.6,0.2,-0.1,1
5.5,24,2005,01,01,ID,6,677,4.3,1.2,3.9,1.6,1
5.5,28,2005,01,02,ID,6,677,4.4,1.1,3.9,1.6,1
5.6,29,2005,01,03,ID,6,677,4.6,1.0,4.0,1.6,1
5.5,30,2005,01,04,ID,6,677,4.7,0.8,4.0,1.5,1
5.5,22,2005,01,05,ID,6,677,4.8,0.7,4.1,1.4,1
5.6,19,2005,01,06,ID,6,677,4.9,0.7,4.1,1.5,1
5.6,21,2005,01,07,ID,6,677,5.1,0.5,4.2,1.4,1
5.8,28,2005,01,08,ID,6,677,5.2,0.6,4.3,1.5,1
6.7,32,2005,01,09,ID,6,677,5.3,1.4,4.5,2.2,1
7.1,33,2005,01,10,ID,6,677,5.4,1.7,4.7,2.4,1
7.6,29,2005,01,11,ID,6,677,5.5,2.1,4.9,2.7,1
7.8,18,2005,01,12,ID,6,677,5.6,2.2,5.1,2.7,1
7.8,20,2005,01,13,ID,6,677,5.7,2.1,5.3,2.5,1
7.7,26,2005,01,14,ID,6,677,5.8,1.9,5.5,2.2,1
7.7,31,2005,01,15,ID,6,677,5.9,1.8,5.6,2.1,1
7.7,34,2005,01,16,ID,6,677,6.0,1.7,5.7,2.0,1
7.7,33,2005,01,17,ID,6,677,6.1,1.6,5.7,2.0,1
7.6,36,2005,01,18,ID,6,677,6.2,1.4,5.7,1.9,1
7.6,42,2005,01,19,ID,6,677,6.3,1.3,5.8,1.8,1
7.6,43,2005,01,20,ID,6,677,6.4,1.2,5.8,1.8,1
7.5,39,2005,01,21,ID,6,677,6.5,1.0,5.9,1.6,1
7.4,38,2005,01,22,ID,6,677,6.6,0.8,6.0,1.4,1
7.4,40,2005,01,23,ID,6,677,6.7,0.7,6.1,1.3,1
7.4,38,2005,01,24,ID,6,677,6.8,0.6,6.2,1.2,1
7.4,35,2005,01,25,ID,6,677,6.9,0.5,6.3,1.1,1
7.3,38,2005,01,26,ID,6,677,7.0,0.3,6.5,0.8,1
7.3,34,2005,01,27,ID,6,677,7.1,0.2,6.6,0.7,1
7.5,33,2005,01,28,ID,6,677,7.2,0.3,6.8,0.7,1
7.7,33,2005,01,29,ID,6,677,7.3,0.4,6.9,0.8,1
8.0,28,2005,01,30,ID,6,677,7.4,0.6,6.9,1.1,1
8.0,28,2005,01,31,ID,6,677,7.4,0.6,7.0,1.0,1
7.9,28,2005,02,01,ID,6,677,7.5,0.4,7.1,0.8,1
7.8,32,2005,02,02,ID,6,677,7.6,0.2,7.1,0.7,1
7.8,38,2005,02,03,ID,6,677,7.7,0.1,7.1,0.7,1
7.8,35,2005,02,04,ID,6,677,7.7,0.1,7.2,0.6,1
7.8,29,2005,02,05,ID,6,677,7.8,0.0,7.3,0.5,1
7.8,25,2005,02,06,ID,6,677,7.9,-0.1,7.4,0.4,1
7.8,25,2005,02,07,ID,6,677,8.0,-0.2,7.6,0.2,1
7.8,23,2005,02,08,ID,6,677,8.0,-0.2,7.7,0.1,1
7.8,26,2005,02,09,ID,6,677,8.1,-0.3,7.8,0.0,1
7.9,34,2005,02,10,ID,6,677,8.2,-0.3,7.9,0.0,1
7.9,35,2005,02,11,ID,6,677,8.3,-0.4,8.0,-0.1,1
7.9,31,2005,02,12,ID,6,677,8.4,-0.5,8.2,-0.3,1
8.3,31,2005,02,13,ID,6,677,8.5,-0.2,8.3,0.0,1
8.7,28,2005,02,14,ID,6,677,8.6,0.1,8.4,0.3,1
8.7,20,2005,02,15,ID,6,677,8.7,0.0,8.5,0.2,1
8.7,22,2005,02,16,ID,6,677,8.8,-0.1,8.7,0.0,1
8.7,26,2005,02,17,ID,6,677,8.9,-0.2,8.8,-0.1,1
8.7,32,2005,02,18,ID,6,677,9.1,-0.4,9.0,-0.3,1
8.8,31,2005,02,19,ID,6,677,9.2,-0.4,9.1,-0.3,1
9.4,32,2005,02,20,ID,6,677,9.3,0.1,9.3,0.1,1
9.9,35,2005,02,21,ID,6,677,9.4,0.5,9.4,0.5,1
9.9,37,2005,02,22,ID,6,677,9.5,0.4,9.5,0.4,1
9.8,36,2005,02,23,ID,6,677,9.6,0.2,9.6,0.2,1
9.7,36,2005,02,24,ID,6,677,9.7,0.0,9.6,0.1,1
9.7,36,2005,02,25,ID,6,677,9.8,-0.1,9.5,0.2,1
9.7,35,2005,02,26,ID,6,677,9.9,-0.2,9.5,0.2,1
9.7,34,2005,02,27,ID,6,677,9.9,-0.2,9.4,0.3,1
9.7,34,2005,02,28,ID,6,677,9.9,-0.2,9.4,0.3,1
9.7,33,2005,03,01,ID,6,677,10.0,-0.3,9.3,0.4,1
9.6,37,2005,03,02,ID,6,677,10.1,-0.5,9.3,0.3,1
9.6,37,2005,03,03,ID,6,677,10.1,-0.5,9.3,0.3,1
9.2,37,2005,03,04,ID,6,677,10.2,-1.0,9.3,-0.1,1
9.2,38,2005,03,05,ID,6,677,10.2,-1.0,9.3,-0.1,1
9.0,38,2005,03,06,ID,6,677,10.2,-1.2,9.4,-0.4,1
9.0,40,2005,03,07,ID,6,677,10.2,-1.2,9.5,-0.5,1
8.8,44,2005,03,08,ID,6,677,10.2,-1.4,9.5,-0.7,1
8.6,45,2005,03,09,ID,6,677,10.1,-1.5,9.5,-0.9,1
8.2,44,2005,03,10,ID,6,677,10.1,-1.9,9.4,-1.2,1
7.9,45,2005,03,11,ID,6,677,10.0,-2.1,9.4,-1.5,1
7.5,41,2005,03,12,ID,6,677,9.9,-2.4,9.4,-1.9,1
7.0,29,2005,03,13,ID,6,677,9.8,-2.8,9.3,-2.3,1
7.0,28,2005,03,14,ID,6,677,9.8,-2.8,9.1,-2.1,1
7.0,30,2005,03,15,ID,6,677,9.7,-2.7,9.0,-2.0,1
6.9,36,2005,03,16,ID,6,677,9.6,-2.7,8.9,-2.0,1
6.7,31,2005,03,17,ID,6,677,9.6,-2.9,8.8,-2.1,1
6.6,31,2005,03,18,ID,6,677,9.5,-2.9,8.6,-2.0,1
6.4,39,2005,03,19,ID,6,677,9.4,-3.0,8.6,-2.2,1
6.8,34,2005,03,20,ID,6,677,9.3,-2.5,8.5,-1.7,1
7.2,34,2005,03,21,ID,6,677,9.2,-2.0,8.5,-1.3,1
7.4,34,2005,03,22,ID,6,677,9.0,-1.6,8.4,-1.0,1
7.9,34,2005,03,23,ID,6,677,8.8,-0.9,8.3,-0.4,1
8.4,33,2005,03,24,ID,6,677,8.7,-0.3,8.3,0.1,1
8.5,30,2005,03,25,ID,6,677,8.5,0.0,8.3,0.2,1
8.5,31,2005,03,26,ID,6,677,8.4,0.1,8.3,0.2,1
8.4,38,2005,03,27,ID,6,677,8.2,0.2,8.2,0.2,1
8.3,35,2005,03,28,ID,6,677,8.1,0.2,8.1,0.2,1
8.4,29,2005,03,29,ID,6,677,8.0,0.4,8.0,0.4,1
9.1,27,2005,03,30,ID,6,677,7.8,1.3,8.0,1.1,1
9.1,32,2005,03,31,ID,6,677,7.7,1.4,8.0,1.1,1
9.2,38,2005,04,01,ID,6,677,7.6,1.6,7.9,1.3,1
9.0,46,2005,04,02,ID,6,677,7.4,1.6,7.7,1.3,1
8.4,45,2005,04,03,ID,6,677,7.2,1.2,7.4,1.0,1
8.1,33,2005,04,04,ID,6,677,7.0,1.1,7.1,1.0,1
8.6,35,2005,04,05,ID,6,677,6.8,1.8,6.7,1.9,1
8.6,46,2005,04,06,ID,6,677,6.6,2.0,6.2,2.4,1
8.0,52,2005,04,07,ID,6,677,6.4,1.6,5.7,2.3,1
6.9,35,2005,04,08,ID,6,677,6.1,0.8,5.2,1.7,1
6.9,35,2005,04,09,ID,6,677,5.8,1.1,4.7,2.2,1
6.9,35,2005,04,10,ID,6,677,5.5,1.4,4.2,2.7,1
6.6,40,2005,04,11,ID,6,677,5.2,1.4,3.6,3.0,1
5.8,48,2005,04,12,ID,6,677,5.0,0.8,3.1,2.7,1
4.7,47,2005,04,13,ID,6,677,4.7,0.0,2.6,2.1,1
3.3,33,2005,04,14,ID,6,677,4.4,-1.1,2.1,1.2,1
3.0,41,2005,04,15,ID,6,677,4.2,-1.2,1.6,1.4,1
1.9,48,2005,04,16,ID,6,677,3.9,-2.0,1.1,0.8,1
0.9,52,2005,04,17,ID,6,677,3.7,-2.8,0.8,0.1,1
0.3,33,2005,04,18,ID,6,677,3.4,-3.1,0.6,-0.3,1
0.2,35,2005,04,19,ID,6,677,3.2,-3.0,0.3,-0.1,1
0.6,33,2005,04,20,ID,6,677,2.9,-2.3,0.2,0.4,1
1.5,39,2005,04,21,ID,6,677,2.7,-1.2,0.2,1.3,1
1.3,46,2005,04,22,ID,6,677,2.5,-1.2,0.0,1.3,1
6.8,29,2006,01,01,ID,6,677,4.3,2.5,3.9,2.9,1
6.9,33,2006,01,02,ID,6,677,4.4,2.5,3.9,3.0,1
7.8,31,2006,01,03,ID,6,677,4.6,3.2,4.0,3.8,1
8.2,29,2006,01,04,ID,6,677,4.7,3.5,4.0,4.2,1
8.1,32,2006,01,05,ID,6,677,4.8,3.3,4.1,4.0,1
8.2,40,2006,01,06,ID,6,677,4.9,3.3,4.1,4.1,1
8.2,36,2006,01,07,ID,6,677,5.1,3.1,4.2,4.0,1
8.6,22,2006,01,08,ID,6,677,5.2,3.4,4.3,4.3,1
8.6,22,2006,01,09,ID,6,677,5.3,3.3,4.5,4.1,1
8.6,30,2006,01,10,ID,6,677,5.4,3.2,4.7,3.9,1
8.7,30,2006,01,11,ID,6,677,5.5,3.2,4.9,3.8,1
9.1,24,2006,01,12,ID,6,677,5.6,3.5,5.1,4.0,1
9.0,35,2006,01,13,ID,6,677,5.7,3.3,5.3,3.7,1
9.1,39,2006,01,14,ID,6,677,5.8,3.3,5.5,3.6,1
9.0,23,2006,01,15,ID,6,677,5.9,3.1,5.6,3.4,1
9.1,18,2006,01,16,ID,6,677,6.0,3.1,5.7,3.4,1
9.1,24,2006,01,17,ID,6,677,6.1,3.0,5.7,3.4,1
9.7,28,2006,01,18,ID,6,677,6.2,3.5,5.7,4.0,1
10.3,24,2006,01,19,ID,6,677,6.3,4.0,5.8,4.5,1
10.3,22,2006,01,20,ID,6,677,6.4,3.9,5.8,4.5,1
10.3,22,2006,01,21,ID,6,677,6.5,3.8,5.9,4.4,1
10.4,19,2006,01,22,ID,6,677,6.6,3.8,6.0,4.4,1
10.4,21,2006,01,23,ID,6,677,6.7,3.7,6.1,4.3,1
10.4,32,2006,01,24,ID,6,677,6.8,3.6,6.2,4.2,1
10.4,37,2006,01,25,ID,6,677,6.9,3.5,6.3,4.1,1
10.4,29,2006,01,26,ID,6,677,7.0,3.4,6.5,3.9,1
10.4,26,2006,01,27,ID,6,677,7.1,3.3,6.6,3.8,1
10.6,23,2006,01,28,ID,6,677,7.2,3.4,6.8,3.8,1
11.1,26,2006,01,29,ID,6,677,7.3,3.8,6.9,4.2,1
11.2,31,2006,01,30,ID,6,677,7.4,3.8,6.9,4.3,1
11.8,29,2006,01,31,ID,6,677,7.4,4.4,7.0,4.8,1
11.8,28,2006,02,01,ID,6,677,7.5,4.3,7.1,4.7,1
12.3,29,2006,02,02,ID,6,677,7.6,4.7,7.1,5.2,1
12.3,31,2006,02,03,ID,6,677,7.7,4.6,7.1,5.2,1
12.4,31,2006,02,04,ID,6,677,7.7,4.7,7.2,5.2,1
12.4,22,2006,02,05,ID,6,677,7.8,4.6,7.3,5.1,1
12.4,23,2006,02,06,ID,6,677,7.9,4.5,7.4,5.0,1
12.4,30,2006,02,07,ID,6,677,8.0,4.4,7.6,4.8,1
12.4,36,2006,02,08,ID,6,677,8.0,4.4,7.7,4.7,1
12.4,32,2006,02,09,ID,6,677,8.1,4.3,7.8,4.6,1
12.4,17,2006,02,10,ID,6,677,8.2,4.2,7.9,4.5,1
12.2,21,2006,02,11,ID,6,677,8.3,3.9,8.0,4.2,1
12.2,27,2006,02,12,ID,6,677,8.4,3.8,8.2,4.0,1
12.2,27,2006,02,13,ID,6,677,8.5,3.7,8.3,3.9,1
12.2,26,2006,02,14,ID,6,677,8.6,3.6,8.4,3.8,1
12.1,15,2006,02,15,ID,6,677,8.7,3.4,8.5,3.6,1
12.4,12,2006,02,16,ID,6,677,8.8,3.6,8.7,3.7,1
12.4,15,2006,02,17,ID,6,677,8.9,3.5,8.8,3.6,1
12.4,16,2006,02,18,ID,6,677,9.1,3.3,9.0,3.4,1
12.5,17,2006,02,19,ID,6,677,9.2,3.3,9.1,3.4,1
12.5,15,2006,02,20,ID,6,677,9.3,3.2,9.3,3.2,1
12.5,18,2006,02,21,ID,6,677,9.4,3.1,9.4,3.1,1
12.6,24,2006,02,22,ID,6,677,9.5,3.1,9.5,3.1,1
12.8,31,2006,02,23,ID,6,677,9.6,3.2,9.6,3.2,1
12.8,35,2006,02,24,ID,6,677,9.7,3.1,9.6,3.2,1
12.8,38,2006,02,25,ID,6,677,9.8,3.0,9.5,3.3,1
12.8,42,2006,02,26,ID,6,677,9.9,2.9,9.5,3.3,1
12.7,44,2006,02,27,ID,6,677,9.9,2.8,9.4,3.3,1
12.5,35,2006,02,28,ID,6,677,9.9,2.6,9.4,3.1,1
12.9,32,2006,03,01,ID,6,677,10.0,2.9,9.3,3.6,1
13.0,39,2006,03,02,ID,6,677,10.1,2.9,9.3,3.7,1
13.0,40,2006,03,03,ID,6,677,10.1,2.9,9.3,3.7,1
12.9,29,2006,03,04,ID,6,677,10.2,2.7,9.3,3.6,1
12.8,36,2006,03,05,ID,6,677,10.2,2.6,9.3,3.5,1
12.7,38,2006,03,06,ID,6,677,10.2,2.5,9.4,3.3,1
12.7,33,2006,03,07,ID,6,677,10.2,2.5,9.5,3.2,1
12.8,28,2006,03,08,ID,6,677,10.2,2.6,9.5,3.3,1
12.9,22,2006,03,09,ID,6,677,10.1,2.8,9.5,3.4,1
13.4,22,2006,03,10,ID,6,677,10.1,3.3,9.4,4.0,1
13.4,24,2006,03,11,ID,6,677,10.0,3.4,9.4,4.0,1
13.4,25,2006,03,12,ID,6,677,9.9,3.5,9.4,4.0,1
13.4,23,2006,03,13,ID,6,677,9.8,3.6,9.3,4.1,1
13.4,30,2006,03,14,ID,6,677,9.8,3.6,9.1,4.3,1
13.7,28,2006,03,15,ID,6,677,9.7,4.0,9.0,4.7,1
13.8,34,2006,03,16,ID,6,677,9.6,4.2,8.9,4.9,1
13.9,33,2006,03,17,ID,6,677,9.6,4.3,8.8,5.1,1
14.5,33,2006,03,18,ID,6,677,9.5,5.0,8.6,5.9,1
14.7,28,2006,03,19,ID,6,677,9.4,5.3,8.6,6.1,1
15.0,30,2006,03,20,ID,6,677,9.3,5.7,8.5,6.5,1
15.2,31,2006,03,21,ID,6,677,9.2,6.0,8.5,6.7,1
15.4,34,2006,03,22,ID,6,677,9.0,6.4,8.4,7.0,1
15.4,37,2006,03,23,ID,6,677,8.8,6.6,8.3,7.1,1
15.2,42,2006,03,24,ID,6,677,8.7,6.5,8.3,6.9,1
14.9,43,2006,03,25,ID,6,677,8.5,6.4,8.3,6.6,1
14.7,29,2006,03,26,ID,6,677,8.4,6.3,8.3,6.4,1
14.8,38,2006,03,27,ID,6,677,8.2,6.6,8.2,6.6,1
14.8,39,2006,03,28,ID,6,677,8.1,6.7,8.1,6.7,1
14.6,35,2006,03,29,ID,6,677,8.0,6.6,8.0,6.6,1
15.2,33,2006,03,30,ID,6,677,7.8,7.4,8.0,7.2,1
15.2,36,2006,03,31,ID,6,677,7.7,7.5,8.0,7.2,1
15.2,34,2006,04,01,ID,6,677,7.6,7.6,7.9,7.3,1
15.5,36,2006,04,02,ID,6,677,7.4,8.1,7.7,7.8,1
15.5,48,2006,04,03,ID,6,677,7.2,8.3,7.4,8.1,1
14.8,45,2006,04,04,ID,6,677,7.0,7.8,7.1,7.7,1
14.1,38,2006,04,05,ID,6,677,6.8,7.3,6.7,7.4,1
13.9,33,2006,04,06,ID,6,677,6.6,7.3,6.2,7.7,1
14.4,42,2006,04,07,ID,6,677,6.4,8.0,5.7,8.7,1
14.2,46,2006,04,08,ID,6,677,6.1,8.1,5.2,9.0,1
13.7,45,2006,04,09,ID,6,677,5.8,7.9,4.7,9.0,1
12.8,39,2006,04,10,ID,6,677,5.5,7.3,4.2,8.6,1
12.5,40,2006,04,11,ID,6,677,5.2,7.3,3.6,8.9,1
12.6,47,2006,04,12,ID,6,677,5.0,7.6,3.1,9.5,1
11.9,50,2006,04,13,ID,6,677,4.7,7.2,2.6,9.3,1
11.1,46,2006,04,14,ID,6,677,4.4,6.7,2.1,9.0,1
10.4,43,2006,04,15,ID,6,677,4.2,6.2,1.6,8.8,1
9.7,42,2006,04,16,ID,6,677,3.9,5.8,1.1,8.6,1
9.0,30,2006,04,17,ID,6,677,3.7,5.3,0.8,8.2,1
9.7,31,2006,04,18,ID,6,677,3.4,6.3,0.6,9.1,1
9.7,38,2006,04,19,ID,6,677,3.2,6.5,0.3,9.4,1
9.6,43,2006,04,20,ID,6,677,2.9,6.7,0.2,9.4,1
9.0,50,2006,04,21,ID,6,677,2.7,6.3,0.2,8.8,1
7.7,58,2006,04,22,ID,6,677,2.5,5.2,0.0,7.7,1
6.4,47,2006,04,23,ID,6,677,2.2,4.2,0.0,6.4,1
5.4,40,2006,04,24,ID,6,677,2.0,3.4,0.0,5.4,1
4.8,44,2006,04,25,ID,6,677,1.8,3.0,0.0,4.8,1
3.9,50,2006,04,26,ID,6,677,1.6,2.3,0.0,3.9,1
2.6,50,2006,04,27,ID,6,677,1.4,1.2,0.0,2.6,1
1.2,50,2006,04,28,ID,6,677,1.2,0.0,0.0,1.2,1
0.2,54,2006,04,29,ID,6,677,1.0,-0.8,0.0,0.2,1
3.4,23,2007,01,01,ID,6,677,4.3,-0.9,3.9,-0.5,1
3.4,27,2007,01,02,ID,6,677,4.4,-1.0,3.9,-0.5,1
3.5,32,2007,01,03,ID,6,677,4.6,-1.1,4.0,-0.5,1
3.7,26,2007,01,04,ID,6,677,4.7,-1.0,4.0,-0.3,1
3.7,17,2007,01,05,ID,6,677,4.8,-1.1,4.1,-0.4,1
3.7,15,2007,01,06,ID,6,677,4.9,-1.2,4.1,-0.4,1
4.2,19,2007,01,07,ID,6,677,5.1,-0.9,4.2,0.0,1
4.2,29,2007,01,08,ID,6,677,5.2,-1.0,4.3,-0.1,1
4.3,34,2007,01,09,ID,6,677,5.3,-1.0,4.5,-0.2,1
4.2,32,2007,01,10,ID,6,677,5.4,-1.2,4.7,-0.5,1
4.2,15,2007,01,11,ID,6,677,5.5,-1.3,4.9,-0.7,1
4.1,6,2007,01,12,ID,6,677,5.6,-1.5,5.1,-1.0,1
4.0,6,2007,01,13,ID,6,677,5.7,-1.7,5.3,-1.3,1
4.0,6,2007,01,14,ID,6,677,5.8,-1.8,5.5,-1.5,1
4.0,7,2007,01,15,ID,6,677,5.9,-1.9,5.6,-1.6,1
4.0,14,2007,01,16,ID,6,677,6.0,-2.0,5.7,-1.7,1
4.0,16,2007,01,17,ID,6,677,6.1,-2.1,5.7,-1.7,1
4.0,14,2007,01,18,ID,6,677,6.2,-2.2,5.7,-1.7,1
4.0,22,2007,01,19,ID,6,677,6.3,-2.3,5.8,-1.8,1
4.1,22,2007,01,20,ID,6,677,6.4,-2.3,5.8,-1.7,1
4.3,20,2007,01,21,ID,6,677,6.5,-2.2,5.9,-1.6,1
4.5,20,2007,01,22,ID,6,677,6.6,-2.1,6.0,-1.5,1
4.5,24,2007,01,23,ID,6,677,6.7,-2.2,6.1,-1.6,1
4.5,31,2007,01,24,ID,6,677,6.8,-2.3,6.2,-1.7,1
4.5,34,2007,01,25,ID,6,677,6.9,-2.4,6.3,-1.8,1
4.5,32,2007,01,26,ID,6,677,7.0,-2.5,6.5,-2.0,1
4.5,27,2007,01,27,ID,6,677,7.1,-2.6,6.6,-2.1,1
4.5,27,2007,01,28,ID,6,677,7.2,-2.7,6.8,-2.3,1
4.5,26,2007,01,29,ID,6,677,7.3,-2.8,6.9,-2.4,1
4.5,27,2007,01,30,ID,6,677,7.4,-2.9,6.9,-2.4,1
4.5,20,2007,01,31,ID,6,677,7.4,-2.9,7.0,-2.5,1
4.5,17,2007,02,01,ID,6,677,7.5,-3.0,7.1,-2.6,1
4.5,16,2007,02,02,ID,6,677,7.6,-3.1,7.1,-2.6,1
4.5,26,2007,02,03,ID,6,677,7.7,-3.2,7.1,-2.6,1
4.7,34,2007,02,04,ID,6,677,7.7,-3.0,7.2,-2.5,1
4.7,39,2007,02,05,ID,6,677,7.8,-3.1,7.3,-2.6,1
4.7,42,2007,02,06,ID,6,677,7.9,-3.2,7.4,-2.7,1
4.7,42,2007,02,07,ID,6,677,8.0,-3.3,7.6,-2.9,1
4.7,38,2007,02,08,ID,6,677,8.0,-3.3,7.7,-3.0,1
5.0,37,2007,02,09,ID,6,677,8.1,-3.1,7.8,-2.8,1
5.0,38,2007,02,10,ID,6,677,8.2,-3.2,7.9,-2.9,1
5.3,34,2007,02,11,ID,6,677,8.3,-3.0,8.0,-2.7,1
6.0,29,2007,02,12,ID,6,677,8.4,-2.4,8.2,-2.2,1
6.0,29,2007,02,13,ID,6,677,8.5,-2.5,8.3,-2.3,1
6.0,27,2007,02,14,ID,6,677,8.6,-2.6,8.4,-2.4,1
6.0,30,2007,02,15,ID,6,677,8.7,-2.7,8.5,-2.5,1
6.5,35,2007,02,16,ID,6,677,8.8,-2.3,8.7,-2.2,1
6.5,33,2007,02,17,ID,6,677,8.9,-2.4,8.8,-2.3,1
6.5,35,2007,02,18,ID,6,677,9.1,-2.6,9.0,-2.5,1
6.8,26,2007,02,19,ID,6,677,9.2,-2.4,9.1,-2.3,1
6.8,27,2007,02,20,ID,6,677,9.3,-2.5,9.3,-2.5,1
6.8,36,2007,02,21,ID,6,677,9.4,-2.6,9.4,-2.6,1
6.9,40,2007,02,22,ID,6,677,9.5,-2.6,9.5,-2.6,1
7.0,25,2007,02,23,ID,6,677,9.6,-2.6,9.6,-2.6,1
7.4,22,2007,02,24,ID,6,677,9.7,-2.3,9.6,-2.2,1
7.4,25,2007,02,25,ID,6,677,9.8,-2.4,9.5,-2.1,1
7.9,26,2007,02,26,ID,6,677,9.9,-2.0,9.5,-1.6,1
7.9,25,2007,02,27,ID,6,677,9.9,-2.0,9.4,-1.5,1
7.9,22,2007,02,28,ID,6,677,9.9,-2.0,9.4,-1.5,1
8.1,18,2007,03,01,ID,6,677,10.0,-1.9,9.3,-1.2,1
8.6,17,2007,03,02,ID,6,677,10.1,-1.5,9.3,-0.7,1
8.6,22,2007,03,03,ID,6,677,10.1,-1.5,9.3,-0.7,1
8.9,31,2007,03,04,ID,6,677,10.2,-1.3,9.3,-0.4,1
8.9,40,2007,03,05,ID,6,677,10.2,-1.3,9.3,-0.4,1
8.9,42,2007,03,06,ID,6,677,10.2,-1.3,9.4,-0.5,1
8.9,43,2007,03,07,ID,6,677,10.2,-1.3,9.5,-0.6,1
8.7,38,2007,03,08,ID,6,677,10.2,-1.5,9.5,-0.8,1
8.7,40,2007,03,09,ID,6,677,10.1,-1.4,9.5,-0.8,1
8.6,35,2007,03,10,ID,6,677,10.1,-1.5,9.4,-0.8,1
8.5,40,2007,03,11,ID,6,677,10.0,-1.5,9.4,-0.9,1
8.2,48,2007,03,12,ID,6,677,9.9,-1.7,9.4,-1.2,1
7.6,50,2007,03,13,ID,6,677,9.8,-2.2,9.3,-1.7,1
7.1,44,2007,03,14,ID,6,677,9.8,-2.7,9.1,-2.0,1
7.1,41,2007,03,15,ID,6,677,9.7,-2.6,9.0,-1.9,1
6.8,48,2007,03,16,ID,6,677,9.6,-2.8,8.9,-2.1,1
6.3,54,2007,03,17,ID,6,677,9.6,-3.3,8.8,-2.5,1
5.8,51,2007,03,18,ID,6,677,9.5,-3.7,8.6,-2.8,1
5.2,51,2007,03,19,ID,6,677,9.4,-4.2,8.6,-3.4,1
4.5,45,2007,03,20,ID,6,677,9.3,-4.8,8.5,-4.0,1
4.1,35,2007,03,21,ID,6,677,9.2,-5.1,8.5,-4.4,1
4.1,39,2007,03,22,ID,6,677,9.0,-4.9,8.4,-4.3,1
3.8,44,2007,03,23,ID,6,677,8.8,-5.0,8.3,-4.5,1
3.1,48,2007,03,24,ID,6,677,8.7,-5.6,8.3,-5.2,1
2.1,48,2007,03,25,ID,6,677,8.5,-6.4,8.3,-6.2,1
0.9,50,2007,03,26,ID,6,677,8.4,-7.5,8.3,-7.4,1
0.3,37,2007,03,27,ID,6,677,8.2,-7.9,8.2,-7.9,1
0.3,29,2007,03,28,ID,6,677,8.1,-7.8,8.1,-7.8,1
0.9,31,2007,03,29,ID,6,677,8.0,-7.1,8.0,-7.1,1
0.9,33,2007,03,30,ID,6,677,7.8,-6.9,8.0,-7.1,1
0.9,42,2007,03,31,ID,6,677,7.7,-6.8,8.0,-7.1,1
0.3,40,2007,04,01,ID,6,677,7.6,-7.3,7.9,-7.6,1
0.3,35,2007,04,02,ID,6,677,7.4,-7.1,7.7,-7.4,1
4.2,19,2008,01,01,ID,6,677,4.3,-0.1,3.9,0.3,1
4.2,31,2008,01,02,ID,6,677,4.4,-0.2,3.9,0.3,1
4.1,33,2008,01,03,ID,6,677,4.6,-0.5,4.0,0.1,1
4.1,35,2008,01,04,ID,6,677,4.7,-0.6,4.0,0.1,1
4.2,29,2008,01,05,ID,6,677,4.8,-0.6,4.1,0.1,1
4.8,23,2008,01,06,ID,6,677,4.9,-0.1,4.1,0.7,1
5.1,19,2008,01,07,ID,6,677,5.1,0.0,4.2,0.9,1
5.2,20,2008,01,08,ID,6,677,5.2,0.0,4.3,0.9,1
5.7,22,2008,01,09,ID,6,677,5.3,0.4,4.5,1.2,1
5.9,21,2008,01,10,ID,6,677,5.4,0.5,4.7,1.2,1
6.0,28,2008,01,11,ID,6,677,5.5,0.5,4.9,1.1,1
6.1,27,2008,01,12,ID,6,677,5.6,0.5,5.1,1.0,1
6.1,26,2008,01,13,ID,6,677,5.7,0.4,5.3,0.8,1
6.1,23,2008,01,14,ID,6,677,5.8,0.3,5.5,0.6,1
6.1,16,2008,01,15,ID,6,677,5.9,0.2,5.6,0.5,1
6.1,8,2008,01,16,ID,6,677,6.0,0.1,5.7,0.4,1
6.1,10,2008,01,17,ID,6,677,6.1,0.0,5.7,0.4,1
6.2,17,2008,01,18,ID,6,677,6.2,0.0,5.7,0.5,1
6.2,21,2008,01,19,ID,6,677,6.3,-0.1,5.8,0.4,1
6.3,25,2008,01,20,ID,6,677,6.4,-0.1,5.8,0.5,1
6.3,15,2008,01,21,ID,6,677,6.5,-0.2,5.9,0.4,1
6.3,15,2008,01,22,ID,6,677,6.6,-0.3,6.0,0.3,1
6.4,18,2008,01,23,ID,6,677,6.7,-0.3,6.1,0.3,1
6.4,24,2008,01,24,ID,6,677,6.8,-0.4,6.2,0.2,1
6.5,23,2008,01,25,ID,6,677,6.9,-0.4,6.3,0.2,1
6.6,29,2008,01,26,ID,6,677,7.0,-0.4,6.5,0.1,1
6.6,31,2008,01,27,ID,6,677,7.1,-0.5,6.6,0.0,1
6.7,21,2008,01,28,ID,6,677,7.2,-0.5,6.8,-0.1,1
6.9,15,2008,01,29,ID,6,677,7.3,-0.4,6.9,0.0,1
7.1,16,2008,01,30,ID,6,677,7.4,-0.3,6.9,0.2,1
7.2,17,2008,01,31,ID,6,677,7.4,-0.2,7.0,0.2,1
8.0,20,2008,02,01,ID,6,677,7.5,0.5,7.1,0.9,1
8.1,19,2008,02,02,ID,6,677,7.6,0.5,7.1,1.0,1
8.3,24,2008,02,03,ID,6,677,7.7,0.6,7.1,1.2,1
9.5,19,2008,02,04,ID,6,677,7.7,1.8,7.2,2.3,1
9.5,15,2008,02,05,ID,6,677,7.8,1.7,7.3,2.2,1
9.5,19,2008,02,06,ID,6,677,7.9,1.6,7.4,2.1,1
9.8,22,2008,02,07,ID,6,677,8.0,1.8,7.6,2.2,1
10.3,24,2008,02,08,ID,6,677,8.0,2.3,7.7,2.6,1
10.4,31,2008,02,09,ID,6,677,8.1,2.3,7.8,2.6,1
10.4,35,2008,02,10,ID,6,677,8.2,2.2,7.9,2.5,1
10.4,32,2008,02,11,ID,6,677,8.3,2.1,8.0,2.4,1
10.4,33,2008,02,12,ID,6,677,8.4,2.0,8.2,2.2,1
10.4,26,2008,02,13,ID,6,677,8.5,1.9,8.3,2.1,1
10.5,23,2008,02,14,ID,6,677,8.6,1.9,8.4,2.1,1
10.5,25,2008,02,15,ID,6,677,8.7,1.8,8.5,2.0,1
10.5,25,2008,02,16,ID,6,677,8.8,1.7,8.7,1.8,1
10.5,26,2008,02,17,ID,6,677,8.9,1.6,8.8,1.7,1
10.5,28,2008,02,18,ID,6,677,9.1,1.4,9.0,1.5,1
10.5,35,2008,02,19,ID,6,677,9.2,1.3,9.1,1.4,1
10.5,32,2008,02,20,ID,6,677,9.3,1.2,9.3,1.2,1
10.5,31,2008,02,21,ID,6,677,9.4,1.1,9.4,1.1,1
10.5,31,2008,02,22,ID,6,677,9.5,1.0,9.5,1.0,1
10.7,30,2008,02,23,ID,6,677,9.6,1.1,9.6,1.1,1
10.7,33,2008,02,24,ID,6,677,9.7,1.0,9.6,1.1,1
11.1,32,2008,02,25,ID,6,677,9.8,1.3,9.5,1.6,1
11.2,31,2008,02,26,ID,6,677,9.9,1.3,9.5,1.7,1
11.2,34,2008,02,27,ID,6,677,9.9,1.3,9.4,1.8,1
11.2,35,2008,02,28,ID,6,677,9.9,1.3,9.4,1.8,1
11.2,39,2008,02,29,ID,6,677,10.0,1.2,9.3,1.9,1
11.2,34,2008,03,01,ID,6,677,10.0,1.2,9.3,1.9,1
11.3,24,2008,03,02,ID,6,677,10.1,1.2,9.3,2.0,1
11.3,25,2008,03,03,ID,6,677,10.1,1.2,9.3,2.0,1
11.3,25,2008,03,04,ID,6,677,10.2,1.1,9.3,2.0,1
11.3,24,2008,03,05,ID,6,677,10.2,1.1,9.3,2.0,1
11.3,26,2008,03,06,ID,6,677,10.2,1.1,9.4,1.9,1
11.3,31,2008,03,07,ID,6,677,10.2,1.1,9.5,1.8,1
11.3,31,2008,03,08,ID,6,677,10.2,1.1,9.5,1.8,1
11.4,34,2008,03,09,ID,6,677,10.1,1.3,9.5,1.9,1
11.4,36,2008,03,10,ID,6,677,10.1,1.3,9.4,2.0,1
11.4,39,2008,03,11,ID,6,677,10.0,1.4,9.4,2.0,1
11.4,37,2008,03,12,ID,6,677,9.9,1.5,9.4,2.0,1
11.4,33,2008,03,13,ID,6,677,9.8,1.6,9.3,2.1,1
11.6,31,2008,03,14,ID,6,677,9.8,1.8,9.1,2.5,1
11.6,29,2008,03,15,ID,6,677,9.7,1.9,9.0,2.6,1
11.6,26,2008,03,16,ID,6,677,9.6,2.0,8.9,2.7,1
11.6,29,2008,03,17,ID,6,677,9.6,2.0,8.8,2.8,1
11.7,33,2008,03,18,ID,6,677,9.5,2.2,8.6,3.1,1
11.8,40,2008,03,19,ID,6,677,9.4,2.4,8.6,3.2,1
11.8,34,2008,03,20,ID,6,677,9.3,2.5,8.5,3.3,1
11.8,31,2008,03,21,ID,6,677,9.2,2.6,8.5,3.3,1
11.8,29,2008,03,22,ID,6,677,9.0,2.8,8.4,3.4,1
11.7,34,2008,03,23,ID,6,677,8.8,2.9,8.3,3.4,1
11.6,42,2008,03,24,ID,6,677,8.7,2.9,8.3,3.3,1
11.2,37,2008,03,25,ID,6,677,8.5,2.7,8.3,2.9,1
11.0,34,2008,03,26,ID,6,677,8.4,2.6,8.3,2.7,1
10.9,25,2008,03,27,ID,6,677,8.2,2.7,8.2,2.7,1
10.9,30,2008,03,28,ID,6,677,8.1,2.8,8.1,2.8,1
11.0,28,2008,03,29,ID,6,677,8.0,3.0,8.0,3.0,1
11.0,27,2008,03,30,ID,6,677,7.8,3.2,8.0,3.0,1
11.3,22,2008,03,31,ID,6,677,7.7,3.6,8.0,3.3,1
11.5,28,2008,04,01,ID,6,677,7.6,3.9,7.9,3.6,1
11.5,34,2008,04,02,ID,6,677,7.4,4.1,7.7,3.8,1
11.6,35,2008,04,03,ID,6,677,7.2,4.4,7.4,4.2,1
11.6,38,2008,04,04,ID,6,677,7.0,4.6,7.1,4.5,1
11.6,31,2008,04,05,ID,6,677,6.8,4.8,6.7,4.9,1
11.6,32,2008,04,06,ID,6,677,6.6,5.0,6.2,5.4,1
11.6,33,2008,04,07,ID,6,677,6.4,5.2,5.7,5.9,1
11.5,32,2008,04,08,ID,6,677,6.1,5.4,5.2,6.3,1
11.3,30,2008,04,09,ID,6,677,5.8,5.5,4.7,6.6,1
11.5,31,2008,04,10,ID,6,677,5.5,6.0,4.2,7.3,1
11.4,32,2008,04,11,ID,6,677,5.2,6.2,3.6,7.8,1
11.2,42,2008,04,12,ID,6,677,5.0,6.2,3.1,8.1,1
10.4,49,2008,04,13,ID,6,677,4.7,5.7,2.6,7.8,1
9.6,53,2008,04,14,ID,6,677,4.4,5.2,2.1,7.5,1
8.4,31,2008,04,15,ID,6,677,4.2,4.2,1.6,6.8,1
8.3,28,2008,04,16,ID,6,677,3.9,4.4,1.1,7.2,1
8.2,37,2008,04,17,ID,6,677,3.7,4.5,0.8,7.4,1
7.7,46,2008,04,18,ID,6,677,3.4,4.3,0.6,7.1,1
6.8,49,2008,04,19,ID,6,677,3.2,3.6,0.3,6.5,1
6.5,27,2008,04,20,ID,6,677,2.9,3.6,0.2,6.3,1
6.3,29,2008,04,21,ID,6,677,2.7,3.6,0.2,6.1,1
6.1,43,2008,04,22,ID,6,677,2.5,3.6,0.0,6.1,1
5.5,40,2008,04,23,ID,6,677,2.2,3.3,0.0,5.5,1
5.0,31,2008,04,24,ID,6,677,2.0,3.0,0.0,5.0,1
5.0,35,2008,04,25,ID,6,677,1.8,3.2,0.0,5.0,1
5.0,36,2008,04,26,ID,6,677,1.6,3.4,0.0,5.0,1
4.9,45,2008,04,27,ID,6,677,1.4,3.5,0.0,4.9,1
3.7,54,2008,04,28,ID,6,677,1.2,2.5,0.0,3.7,1
2.1,53,2008,04,29,ID,6,677,1.0,1.1,0.0,2.1,1
0.7,32,2008,04,30,ID,6,677,0.9,-0.2,0.0,0.7,1
4.9,31,2009,01,01,ID,6,677,4.3,0.6,3.9,1.0,1
4.9,32,2009,01,02,ID,6,677,4.4,0.5,3.9,1.0,1
5.0,13,2009,01,03,ID,6,677,4.6,0.4,4.0,1.0,1
5.0,11,2009,01,04,ID,6,677,4.7,0.3,4.0,1.0,1
5.0,14,2009,01,05,ID,6,677,4.8,0.2,4.1,0.9,1
5.1,24,2009,01,06,ID,6,677,4.9,0.2,4.1,1.0,1
5.5,35,2009,01,07,ID,6,677,5.1,0.4,4.2,1.3,1
5.5,35,2009,01,08,ID,6,677,5.2,0.3,4.3,1.2,1
5.6,25,2009,01,09,ID,6,677,5.3,0.3,4.5,1.1,1
5.6,24,2009,01,10,ID,6,677,5.4,0.2,4.7,0.9,1
5.6,29,2009,01,11,ID,6,677,5.5,0.1,4.9,0.7,1
5.7,33,2009,01,12,ID,6,677,5.6,0.1,5.1,0.6,1
5.7,33,2009,01,13,ID,6,677,5.7,0.0,5.3,0.4,1
5.7,33,2009,01,14,ID,6,677,5.8,-0.1,5.5,0.2,1
5.7,33,2009,01,15,ID,6,677,5.9,-0.2,5.6,0.1,1
5.7,33,2009,01,16,ID,6,677,6.0,-0.3,5.7,0.0,1
5.7,34,2009,01,17,ID,6,677,6.1,-0.4,5.7,0.0,1
5.7,39,2009,01,18,ID,6,677,6.2,-0.5,5.7,0.0,1
5.7,41,2009,01,19,ID,6,677,6.3,-0.6,5.8,-0.1,1
5.7,42,2009,01,20,ID,6,677,6.4,-0.7,5.8,-0.1,1
5.7,39,2009,01,21,ID,6,677,6.5,-0.8,5.9,-0.2,1
5.7,37,2009,01,22,ID,6,677,6.6,-0.9,6.0,-0.3,1
5.9,35,2009,01,23,ID,6,677,6.7,-0.8,6.1,-0.2,1
6.0,34,2009,01,24,ID,6,677,6.8,-0.8,6.2,-0.2,1
6.3,28,2009,01,25,ID,6,677,6.9,-0.6,6.3,0.0,1
6.7,13,2009,01,26,ID,6,677,7.0,-0.3,6.5,0.2,1
6.8,9,2009,01,27,ID,6,677,7.1,-0.3,6.6,0.2,1
6.9,21,2009,01,28,ID,6,677,7.2,-0.3,6.8,0.1,1
7.1,23,2009,01,29,ID,6,677,7.3,-0.2,6.9,0.2,1
7.1,28,2009,01,30,ID,6,677,7.4,-0.3,6.9,0.2,1
7.1,29,2009,01,31,ID,6,677,7.4,-0.3,7.0,0.1,1
7.1,25,2009,02,01,ID,6,677,7.5,-0.4,7.1,0.0,1
7.1,29,2009,02,02,ID,6,677,7.6,-0.5,7.1,0.0,1
7.1,36,2009,02,03,ID,6,677,7.7,-0.6,7.1,0.0,1
7.2,38,2009,02,04,ID,6,677,7.7,-0.5,7.2,0.0,1
7.2,41,2009,02,05,ID,6,677,7.8,-0.6,7.3,-0.1,1
7.2,33,2009,02,06,ID,6,677,7.9,-0.7,7.4,-0.2,1
7.3,34,2009,02,07,ID,6,677,8.0,-0.7,7.6,-0.3,1
7.3,35,2009,02,08,ID,6,677,8.0,-0.7,7.7,-0.4,1
7.5,30,2009,02,09,ID,6,677,8.1,-0.6,7.8,-0.3,1
7.7,21,2009,02,10,ID,6,677,8.2,-0.5,7.9,-0.2,1
7.7,21,2009,02,11,ID,6,677,8.3,-0.6,8.0,-0.3,1
7.7,25,2009,02,12,ID,6,677,8.4,-0.7,8.2,-0.5,1
7.7,24,2009,02,13,ID,6,677,8.5,-0.8,8.3,-0.6,1
7.8,23,2009,02,14,ID,6,677,8.6,-0.8,8.4,-0.6,1
7.8,25,2009,02,15,ID,6,677,8.7,-0.9,8.5,-0.7,1
7.9,32,2009,02,16,ID,6,677,8.8,-0.9,8.7,-0.8,1
8.0,28,2009,02,17,ID,6,677,8.9,-0.9,8.8,-0.8,1
8.8,27,2009,02,18,ID,6,677,9.1,-0.3,9.0,-0.2,1
8.8,29,2009,02,19,ID,6,677,9.2,-0.4,9.1,-0.3,1
8.8,30,2009,02,20,ID,6,677,9.3,-0.5,9.3,-0.5,1
8.8,34,2009,02,21,ID,6,677,9.4,-0.6,9.4,-0.6,1
8.8,40,2009,02,22,ID,6,677,9.5,-0.7,9.5,-0.7,1
8.8,37,2009,02,23,ID,6,677,9.6,-0.8,9.6,-0.8,1
9.0,38,2009,02,24,ID,6,677,9.7,-0.7,9.6,-0.6,1
9.2,38,2009,02,25,ID,6,677,9.8,-0.6,9.5,-0.3,1
9.2,29,2009,02,26,ID,6,677,9.9,-0.7,9.5,-0.3,1
9.2,19,2009,02,27,ID,6,677,9.9,-0.7,9.4,-0.2,1
9.2,30,2009,02,28,ID,6,677,9.9,-0.7,9.4,-0.2,1
9.3,43,2009,03,01,ID,6,677,10.0,-0.7,9.3,0.0,1
9.3,46,2009,03,02,ID,6,677,10.1,-0.8,9.3,0.0,1
9.3,44,2009,03,03,ID,6,677,10.1,-0.8,9.3,0.0,1
9.3,37,2009,03,04,ID,6,677,10.2,-0.9,9.3,0.0,1
9.3,27,2009,03,05,ID,6,677,10.2,-0.9,9.3,0.0,1
9.3,25,2009,03,06,ID,6,677,10.2,-0.9,9.4,-0.1,1
9.3,24,2009,03,07,ID,6,677,10.2,-0.9,9.5,-0.2,1
9.3,27,2009,03,08,ID,6,677,10.2,-0.9,9.5,-0.2,1
9.3,21,2009,03,09,ID,6,677,10.1,-0.8,9.5,-0.2,1
9.3,19,2009,03,10,ID,6,677,10.1,-0.8,9.4,-0.1,1
9.3,29,2009,03,11,ID,6,677,10.0,-0.7,9.4,-0.1,1
9.1,29,2009,03,12,ID,6,677,9.9,-0.8,9.4,-0.3,1
9.0,33,2009,03,13,ID,6,677,9.8,-0.8,9.3,-0.3,1
9.0,35,2009,03,14,ID,6,677,9.8,-0.8,9.1,-0.1,1
9.1,39,2009,03,15,ID,6,677,9.7,-0.6,9.0,0.1,1
8.7,43,2009,03,16,ID,6,677,9.6,-0.9,8.9,-0.2,1
8.5,42,2009,03,17,ID,6,677,9.6,-1.1,8.8,-0.3,1
8.2,43,2009,03,18,ID,6,677,9.5,-1.3,8.6,-0.4,1
8.0,46,2009,03,19,ID,6,677,9.4,-1.4,8.6,-0.6,1
7.5,50,2009,03,20,ID,6,677,9.3,-1.8,8.5,-1.0,1
6.9,50,2009,03,21,ID,6,677,9.2,-2.3,8.5,-1.6,1
6.1,35,2009,03,22,ID,6,677,9.0,-2.9,8.4,-2.3,1
6.0,29,2009,03,23,ID,6,677,8.8,-2.8,8.3,-2.3,1
6.1,30,2009,03,24,ID,6,677,8.7,-2.6,8.3,-2.2,1
6.3,28,2009,03,25,ID,6,677,8.5,-2.2,8.3,-2.0,1
7.2,22,2009,03,26,ID,6,677,8.4,-1.2,8.3,-1.1,1
7.2,28,2009,03,27,ID,6,677,8.2,-1.0,8.2,-1.0,1
7.2,36,2009,03,28,ID,6,677,8.1,-0.9,8.1,-0.9,1
7.2,27,2009,03,29,ID,6,677,8.0,-0.8,8.0,-0.8,1
7.5,26,2009,03,30,ID,6,677,7.8,-0.3,8.0,-0.5,1
7.5,28,2009,03,31,ID,6,677,7.7,-0.2,8.0,-0.5,1
8.3,27,2009,04,01,ID,6,677,7.6,0.7,7.9,0.4,1
8.4,31,2009,04,02,ID,6,677,7.4,1.0,7.7,0.7,1
8.8,28,2009,04,03,ID,6,677,7.2,1.6,7.4,1.4,1
8.8,32,2009,04,04,ID,6,677,7.0,1.8,7.1,1.7,1
8.8,36,2009,04,05,ID,6,677,6.8,2.0,6.7,2.1,1
8.8,41,2009,04,06,ID,6,677,6.6,2.2,6.2,2.6,1
8.4,49,2009,04,07,ID,6,677,6.4,2.0,5.7,2.7,1
7.6,42,2009,04,08,ID,6,677,6.1,1.5,5.2,2.4,1
7.2,37,2009,04,09,ID,6,677,5.8,1.4,4.7,2.5,1
7.2,43,2009,04,10,ID,6,677,5.5,1.7,4.2,3.0,1
6.9,43,2009,04,11,ID,6,677,5.2,1.7,3.6,3.3,1
6.4,43,2009,04,12,ID,6,677,5.0,1.4,3.1,3.3,1
6.1,45,2009,04,13,ID,6,677,4.7,1.4,2.6,3.5,1
5.2,38,2009,04,14,ID,6,677,4.4,0.8,2.1,3.1,1
5.8,34,2009,04,15,ID,6,677,4.2,1.6,1.6,4.2,1
6.8,35,2009,04,16,ID,6,677,3.9,2.9,1.1,5.7,1
6.9,42,2009,04,17,ID,6,677,3.7,3.2,0.8,6.1,1
6.4,45,2009,04,18,ID,6,677,3.4,3.0,0.6,5.8,1
5.7,50,2009,04,19,ID,6,677,3.2,2.5,0.3,5.4,1
5.0,54,2009,04,20,ID,6,677,2.9,2.1,0.2,4.8,1
3.8,56,2009,04,21,ID,6,677,2.7,1.1,0.2,3.6,1
2.7,55,2009,04,22,ID,6,677,2.5,0.2,0.0,2.7,1
1.5,52,2009,04,23,ID,6,677,2.2,-0.7,0.0,1.5,1
0.5,38,2009,04,24,ID,6,677,2.0,-1.5,0.0,0.5,1
0.2,38,2009,04,25,ID,6,677,1.8,-1.6,0.0,0.2,1
0.1,33,2009,04,26,ID,6,677,1.6,-1.5,0.0,0.1,1
2.0,28,2010,01,01,ID,6,677,4.3,-2.3,3.9,-1.9,1
2.4,29,2010,01,02,ID,6,677,4.4,-2.0,3.9,-1.5,1
2.5,29,2010,01,03,ID,6,677,4.6,-2.1,4.0,-1.5,1
2.5,30,2010,01,04,ID,6,677,4.7,-2.2,4.0,-1.5,1
2.6,30,2010,01,05,ID,6,677,4.8,-2.2,4.1,-1.5,1
2.6,26,2010,01,06,ID,6,677,4.9,-2.3,4.1,-1.5,1
2.6,18,2010,01,07,ID,6,677,5.1,-2.5,4.2,-1.6,1
2.6,23,2010,01,08,ID,6,677,5.2,-2.6,4.3,-1.7,1
2.6,30,2010,01,09,ID,6,677,5.3,-2.7,4.5,-1.9,1
2.7,34,2010,01,10,ID,6,677,5.4,-2.7,4.7,-2.0,1
2.7,34,2010,01,11,ID,6,677,5.5,-2.8,4.9,-2.2,1
2.7,36,2010,01,12,ID,6,677,5.6,-2.9,5.1,-2.4,1
2.7,36,2010,01,13,ID,6,677,5.7,-3.0,5.3,-2.6,1
2.7,30,2010,01,14,ID,6,677,5.8,-3.1,5.5,-2.8,1
2.7,29,2010,01,15,ID,6,677,5.9,-3.2,5.6,-2.9,1
2.7,36,2010,01,16,ID,6,677,6.0,-3.3,5.7,-3.0,1
2.7,35,2010,01,17,ID,6,677,6.1,-3.4,5.7,-3.0,1
2.8,31,2010,01,18,ID,6,677,6.2,-3.4,5.7,-2.9,1
3.1,30,2010,01,19,ID,6,677,6.3,-3.2,5.8,-2.7,1
3.9,29,2010,01,20,ID,6,677,6.4,-2.5,5.8,-1.9,1
4.1,29,2010,01,21,ID,6,677,6.5,-2.4,5.9,-1.8,1
4.4,28,2010,01,22,ID,6,677,6.6,-2.2,6.0,-1.6,1
5.4,24,2010,01,23,ID,6,677,6.7,-1.3,6.1,-0.7,1
5.7,23,2010,01,24,ID,6,677,6.8,-1.1,6.2,-0.5,1
5.7,25,2010,01,25,ID,6,677,6.9,-1.2,6.3,-0.6,1
5.7,28,2010,01,26,ID,6,677,7.0,-1.3,6.5,-0.8,1
5.9,32,2010,01,27,ID,6,677,7.1,-1.2,6.6,-0.7,1
5.9,30,2010,01,28,ID,6,677,7.2,-1.3,6.8,-0.9,1
5.9,27,2010,01,29,ID,6,677,7.3,-1.4,6.9,-1.0,1
5.9,28,2010,01,30,ID,6,677,7.4,-1.5,6.9,-1.0,1
5.9,26,2010,01,31,ID,6,677,7.4,-1.5,7.0,-1.1,1
6.6,28,2010,02,01,ID,6,677,7.5,-0.9,7.1,-0.5,1
6.6,31,2010,02,02,ID,6,677,7.6,-1.0,7.1,-0.5,1
6.6,32,2010,02,03,ID,6,677,7.7,-1.1,7.1,-0.5,1
6.7,30,2010,02,04,ID,6,677,7.7,-1.0,7.2,-0.5,1
6.7,31,2010,02,05,ID,6,677,7.8,-1.1,7.3,-0.6,1
7.0,32,2010,02,06,ID,6,677,7.9,-0.9,7.4,-0.4,1
7.0,31,2010,02,07,ID,6,677,8.0,-1.0,7.6,-0.6,1
7.0,26,2010,02,08,ID,6,677,8.0,-1.0,7.7,-0.7,1
7.0,24,2010,02,09,ID,6,677,8.1,-1.1,7.8,-0.8,1
7.0,26,2010,02,10,ID,6,677,8.2,-1.2,7.9,-0.9,1
7.0,28,2010,02,11,ID,6,677,8.3,-1.3,8.0,-1.0,1
7.2,31,2010,02,12,ID,6,677,8.4,-1.2,8.2,-1.0,1
7.5,30,2010,02,13,ID,6,677,8.5,-1.0,8.3,-0.8,1
7.5,30,2010,02,14,ID,6,677,8.6,-1.1,8.4,-0.9,1
7.6,31,2010,02,15,ID,6,677,8.7,-1.1,8.5,-0.9,1
7.7,28,2010,02,16,ID,6,677,8.8,-1.1,8.7,-1.0,1
7.7,30,2010,02,17,ID,6,677,8.9,-1.2,8.8,-1.1,1
7.7,29,2010,02,18,ID,6,677,9.1,-1.4,9.0,-1.3,1
7.7,25,2010,02,19,ID,6,677,9.2,-1.5,9.1,-1.4,1
7.7,21,2010,02,20,ID,6,677,9.3,-1.6,9.3,-1.6,1
7.7,20,2010,02,21,ID,6,677,9.4,-1.7,9.4,-1.7,1
7.7,20,2010,02,22,ID,6,677,9.5,-1.8,9.5,-1.8,1
7.7,24,2010,02,23,ID,6,677,9.6,-1.9,9.6,-1.9,1
7.7,28,2010,02,24,ID,6,677,9.7,-2.0,9.6,-1.9,1
7.9,29,2010,02,25,ID,6,677,9.8,-1.9,9.5,-1.6,1
7.9,32,2010,02,26,ID,6,677,9.9,-2.0,9.5,-1.6,1
7.9,37,2010,02,27,ID,6,677,9.9,-2.0,9.4,-1.5,1
7.9,33,2010,02,28,ID,6,677,9.9,-2.0,9.4,-1.5,1
7.9,34,2010,03,01,ID,6,677,10.0,-2.1,9.3,-1.4,1
7.9,38,2010,03,02,ID,6,677,10.1,-2.2,9.3,-1.4,1
7.9,37,2010,03,03,ID,6,677,10.1,-2.2,9.3,-1.4,1
8.0,37,2010,03,04,ID,6,677,10.2,-2.2,9.3,-1.3,1
8.1,34,2010,03,05,ID,6,677,10.2,-2.1,9.3,-1.2,1
8.2,36,2010,03,06,ID,6,677,10.2,-2.0,9.4,-1.2,1
8.2,35,2010,03,07,ID,6,677,10.2,-2.0,9.5,-1.3,1
8.2,35,2010,03,08,ID,6,677,10.2,-2.0,9.5,-1.3,1
8.2,30,2010,03,09,ID,6,677,10.1,-1.9,9.5,-1.3,1
8.2,23,2010,03,10,ID,6,677,10.1,-1.9,9.4,-1.2,1
8.2,27,2010,03,11,ID,6,677,10.0,-1.8,9.4,-1.2,1
8.2,34,2010,03,12,ID,6,677,9.9,-1.7,9.4,-1.2,1
8.2,31,2010,03,13,ID,6,677,9.8,-1.6,9.3,-1.1,1
8.2,32,2010,03,14,ID,6,677,9.8,-1.6,9.1,-0.9,1
8.2,39,2010,03,15,ID,6,677,9.7,-1.5,9.0,-0.8,1
7.9,41,2010,03,16,ID,6,677,9.6,-1.7,8.9,-1.0,1
7.7,45,2010,03,17,ID,6,677,9.6,-1.9,8.8,-1.1,1
7.5,36,2010,03,18,ID,6,677,9.5,-2.0,8.6,-1.1,1
7.4,31,2010,03,19,ID,6,677,9.4,-2.0,8.6,-1.2,1
7.4,32,2010,03,20,ID,6,677,9.3,-1.9,8.5,-1.1,1
7.3,40,2010,03,21,ID,6,677,9.2,-1.9,8.5,-1.2,1
7.1,35,2010,03,22,ID,6,677,9.0,-1.9,8.4,-1.3,1
7.1,33,2010,03,23,ID,6,677,8.8,-1.7,8.3,-1.2,1
7.2,36,2010,03,24,ID,6,677,8.7,-1.5,8.3,-1.1,1
7.1,35,2010,03,25,ID,6,677,8.5,-1.4,8.3,-1.2,1
7.2,30,2010,03,26,ID,6,677,8.4,-1.2,8.3,-1.1,1
7.2,34,2010,03,27,ID,6,677,8.2,-1.0,8.2,-1.0,1
7.0,38,2010,03,28,ID,6,677,8.1,-1.1,8.1,-1.1,1
6.8,44,2010,03,29,ID,6,677,8.0,-1.2,8.0,-1.2,1
6.6,37,2010,03,30,ID,6,677,7.8,-1.2,8.0,-1.4,1
6.6,28,2010,03,31,ID,6,677,7.7,-1.1,8.0,-1.4,1
6.7,28,2010,04,01,ID,6,677,7.6,-0.9,7.9,-1.2,1
6.7,28,2010,04,02,ID,6,677,7.4,-0.7,7.7,-1.0,1
7.2,27,2010,04,03,ID,6,677,7.2,0.0,7.4,-0.2,1
7.3,31,2010,04,04,ID,6,677,7.0,0.3,7.1,0.2,1
7.4,33,2010,04,05,ID,6,677,6.8,0.6,6.7,0.7,1
8.2,29,2010,04,06,ID,6,677,6.6,1.6,6.2,2.0,1
8.2,34,2010,04,07,ID,6,677,6.4,1.8,5.7,2.5,1
7.9,37,2010,04,08,ID,6,677,6.1,1.8,5.2,2.7,1
7.8,33,2010,04,09,ID,6,677,5.8,2.0,4.7,3.1,1
7.7,41,2010,04,10,ID,6,677,5.5,2.2,4.2,3.5,1
6.9,49,2010,04,11,ID,6,677,5.2,1.7,3.6,3.3,1
6.2,43,2010,04,12,ID,6,677,5.0,1.2,3.1,3.1,1
5.7,35,2010,04,13,ID,6,677,4.7,1.0,2.6,3.1,1
5.5,41,2010,04,14,ID,6,677,4.4,1.1,2.1,3.4,1
5.1,50,2010,04,15,ID,6,677,4.2,0.9,1.6,3.5,1
4.1,53,2010,04,16,ID,6,677,3.9,0.2,1.1,3.0,1
3.3,51,2010,04,17,ID,6,677,3.7,-0.4,0.8,2.5,1
2.2,54,2010,04,18,ID,6,677,3.4,-1.2,0.6,1.6,1
1.0,57,2010,04,19,ID,6,677,3.2,-2.2,0.3,0.7,1
0.2,56,2010,04,20,ID,6,677,2.9,-2.7,0.2,0.0,1
0.2,44,2010,04,21,ID,6,677,2.7,-2.5,0.2,0.0,1
0.1,34,2010,05,01,ID,6,677,0.7,-0.6,0.0,0.1,1
0.2,36,2010,05,02,ID,6,677,0.5,-0.3,0.0,0.2,1
8.1,6,2011,01,01,ID,6,677,4.3,3.8,3.9,4.2,1
8.1,17,2011,01,02,ID,6,677,4.4,3.7,3.9,4.2,1
8.1,19,2011,01,03,ID,6,677,4.6,3.5,4.0,4.1,1
8.1,16,2011,01,04,ID,6,677,4.7,3.4,4.0,4.1,1
8.1,21,2011,01,05,ID,6,677,4.8,3.3,4.1,4.0,1
8.1,27,2011,01,06,ID,6,677,4.9,3.2,4.1,4.0,1
8.1,32,2011,01,07,ID,6,677,5.1,3.0,4.2,3.9,1
8.1,25,2011,01,08,ID,6,677,5.2,2.9,4.3,3.8,1
8.1,13,2011,01,09,ID,6,677,5.3,2.8,4.5,3.6,1
8.1,13,2011,01,10,ID,6,677,5.4,2.7,4.7,3.4,1
8.1,15,2011,01,11,ID,6,677,5.5,2.6,4.9,3.2,1
8.1,24,2011,01,12,ID,6,677,5.6,2.5,5.1,3.0,1
8.1,30,2011,01,13,ID,6,677,5.7,2.4,5.3,2.8,1
8.3,32,2011,01,14,ID,6,677,5.8,2.5,5.5,2.8,1
8.4,33,2011,01,15,ID,6,677,5.9,2.5,5.6,2.8,1
8.4,34,2011,01,16,ID,6,677,6.0,2.4,5.7,2.7,1
9.0,37,2011,01,17,ID,6,677,6.1,2.9,5.7,3.3,1
9.0,31,2011,01,18,ID,6,677,6.2,2.8,5.7,3.3,1
9.2,26,2011,01,19,ID,6,677,6.3,2.9,5.8,3.4,1
9.4,22,2011,01,20,ID,6,677,6.4,3.0,5.8,3.6,1
9.4,27,2011,01,21,ID,6,677,6.5,2.9,5.9,3.5,1
9.6,28,2011,01,22,ID,6,677,6.6,3.0,6.0,3.6,1
9.6,25,2011,01,23,ID,6,677,6.7,2.9,6.1,3.5,1
9.6,29,2011,01,24,ID,6,677,6.8,2.8,6.2,3.4,1
9.6,28,2011,01,25,ID,6,677,6.9,2.7,6.3,3.3,1
9.6,25,2011,01,26,ID,6,677,7.0,2.6,6.5,3.1,1
9.6,29,2011,01,27,ID,6,677,7.1,2.5,6.6,3.0,1
9.6,33,2011,01,28,ID,6,677,7.2,2.4,6.8,2.8,1
9.6,36,2011,01,29,ID,6,677,7.3,2.3,6.9,2.7,1
9.6,33,2011,01,30,ID,6,677,7.4,2.2,6.9,2.7,1
9.6,21,2011,01,31,ID,6,677,7.4,2.2,7.0,2.6,1
9.6,5,2011,02,01,ID,6,677,7.5,2.1,7.1,2.5,1
9.5,10,2011,02,02,ID,6,677,7.6,1.9,7.1,2.4,1
9.5,20,2011,02,03,ID,6,677,7.7,1.8,7.1,2.4,1
9.5,26,2011,02,04,ID,6,677,7.7,1.8,7.2,2.3,1
9.5,30,2011,02,05,ID,6,677,7.8,1.7,7.3,2.2,1
9.5,27,2011,02,06,ID,6,677,7.9,1.6,7.4,2.1,1
9.5,28,2011,02,07,ID,6,677,8.0,1.5,7.6,1.9,1
9.7,23,2011,02,08,ID,6,677,8.0,1.7,7.7,2.0,1
9.7,16,2011,02,09,ID,6,677,8.1,1.6,7.8,1.9,1
9.7,20,2011,02,10,ID,6,677,8.2,1.5,7.9,1.8,1
9.7,26,2011,02,11,ID,6,677,8.3,1.4,8.0,1.7,1
9.7,34,2011,02,12,ID,6,677,8.4,1.3,8.2,1.5,1
9.7,39,2011,02,13,ID,6,677,8.5,1.2,8.3,1.4,1
9.7,39,2011,02,14,ID,6,677,8.6,1.1,8.4,1.3,1
9.8,39,2011,02,15,ID,6,677,8.7,1.1,8.5,1.3,1
9.9,33,2011,02,16,ID,6,677,8.8,1.1,8.7,1.2,1
10.2,25,2011,02,17,ID,6,677,8.9,1.3,8.8,1.4,1
10.3,33,2011,02,18,ID,6,677,9.1,1.2,9.0,1.3,1
10.5,34,2011,02,19,ID,6,677,9.2,1.3,9.1,1.4,1
11.0,25,2011,02,20,ID,6,677,9.3,1.7,9.3,1.7,1
11.2,24,2011,02,21,ID,6,677,9.4,1.8,9.4,1.8,1
11.2,23,2011,02,22,ID,6,677,9.5,1.7,9.5,1.7,1
11.3,23,2011,02,23,ID,6,677,9.6,1.7,9.6,1.7,1
11.3,22,2011,02,24,ID,6,677,9.7,1.6,9.6,1.7,1
11.5,24,2011,02,25,ID,6,677,9.8,1.7,9.5,2.0,1
12.1,22,2011,02,26,ID,6,677,9.9,2.2,9.5,2.6,1
12.1,19,2011,02,27,ID,6,677,9.9,2.2,9.4,2.7,1
12.1,27,2011,02,28,ID,6,677,9.9,2.2,9.4,2.7,1
12.1,35,2011,03,01,ID,6,677,10.0,2.1,9.3,2.8,1
12.2,35,2011,03,02,ID,6,677,10.1,2.1,9.3,2.9,1
12.5,33,2011,03,03,ID,6,677,10.1,2.4,9.3,3.2,1
12.7,30,2011,03,04,ID,6,677,10.2,2.5,9.3,3.4,1
12.7,35,2011,03,05,ID,6,677,10.2,2.5,9.3,3.4,1
12.7,33,2011,03,06,ID,6,677,10.2,2.5,9.4,3.3,1
13.2,32,2011,03,07,ID,6,677,10.2,3.0,9.5,3.7,1
13.4,27,2011,03,08,ID,6,677,10.2,3.2,9.5,3.9,1
13.9,35,2011,03,09,ID,6,677,10.1,3.8,9.5,4.4,1
13.9,42,2011,03,10,ID,6,677,10.1,3.8,9.4,4.5,1
13.8,35,2011,03,11,ID,6,677,10.0,3.8,9.4,4.4,1
13.7,38,2011,03,12,ID,6,677,9.9,3.8,9.4,4.3,1
13.5,38,2011,03,13,ID,6,677,9.8,3.7,9.3,4.2,1
13.5,37,2011,03,14,ID,6,677,9.8,3.7,9.1,4.4,1
13.5,40,2011,03,15,ID,6,677,9.7,3.8,9.0,4.5,1
13.5,35,2011,03,16,ID,6,677,9.6,3.9,8.9,4.6,1
13.5,31,2011,03,17,ID,6,677,9.6,3.9,8.8,4.7,1
13.5,36,2011,03,18,ID,6,677,9.5,4.0,8.6,4.9,1
13.5,35,2011,03,19,ID,6,677,9.4,4.1,8.6,4.9,1
14.0,33,2011,03,20,ID,6,677,9.3,4.7,8.5,5.5,1
14.0,35,2011,03,21,ID,6,677,9.2,4.8,8.5,5.5,1
14.3,30,2011,03,22,ID,6,677,9.0,5.3,8.4,5.9,1
14.9,35,2011,03,23,ID,6,677,8.8,6.1,8.3,6.6,1
15.0,35,2011,03,24,ID,6,677,8.7,6.3,8.3,6.7,1
15.1,32,2011,03,25,ID,6,677,8.5,6.6,8.3,6.8,1
15.4,32,2011,03,26,ID,6,677,8.4,7.0,8.3,7.1,1
15.6,30,2011,03,27,ID,6,677,8.2,7.4,8.2,7.4,1
15.7,29,2011,03,28,ID,6,677,8.1,7.6,8.1,7.6,1
16.0,30,2011,03,29,ID,6,677,8.0,8.0,8.0,8.0,1
16.1,36,2011,03,30,ID,6,677,7.8,8.3,8.0,8.1,1
16.1,47,2011,03,31,ID,6,677,7.7,8.4,8.0,8.1,1
15.7,49,2011,04,01,ID,6,677,7.6,8.1,7.9,7.8,1
14.9,42,2011,04,02,ID,6,677,7.4,7.5,7.7,7.2,1
15.0,29,2011,04,03,ID,6,677,7.2,7.8,7.4,7.6,1
15.1,32,2011,04,04,ID,6,677,7.0,8.1,7.1,8.0,1
15.1,37,2011,04,05,ID,6,677,6.8,8.3,6.7,8.4,1
15.1,35,2011,04,06,ID,6,677,6.6,8.5,6.2,8.9,1
15.1,32,2011,04,07,ID,6,677,6.4,8.7,5.7,9.4,1
15.4,30,2011,04,08,ID,6,677,6.1,9.3,5.2,10.2,1
15.6,30,2011,04,09,ID,6,677,5.8,9.8,4.7,10.9,1
15.8,34,2011,04,10,ID,6,677,5.5,10.3,4.2,11.6,1
15.8,40,2011,04,11,ID,6,677,5.2,10.6,3.6,12.2,1
15.4,40,2011,04,12,ID,6,677,5.0,10.4,3.1,12.3,1
15.1,39,2011,04,13,ID,6,677,4.7,10.4,2.6,12.5,1
14.5,33,2011,04,14,ID,6,677,4.4,10.1,2.1,12.4,1
14.3,38,2011,04,15,ID,6,677,4.2,10.1,1.6,12.7,1
13.9,43,2011,04,16,ID,6,677,3.9,10.0,1.1,12.8,1
13.2,40,2011,04,17,ID,6,677,3.7,9.5,0.8,12.4,1
12.9,37,2011,04,18,ID,6,677,3.4,9.5,0.6,12.3,1
12.9,34,2011,04,19,ID,6,677,3.2,9.7,0.3,12.6,1
12.3,37,2011,04,20,ID,6,677,2.9,9.4,0.2,12.1,1
12.3,36,2011,04,21,ID,6,677,2.7,9.6,0.2,12.1,1
12.3,31,2011,04,22,ID,6,677,2.5,9.8,0.0,12.3,1
12.3,37,2011,04,23,ID,6,677,2.2,10.1,0.0,12.3,1
11.9,40,2011,04,24,ID,6,677,2.0,9.9,0.0,11.9,1
11.5,35,2011,04,25,ID,6,677,1.8,9.7,0.0,11.5,1
11.4,31,2011,04,26,ID,6,677,1.6,9.8,0.0,11.4,1
11.4,36,2011,04,27,ID,6,677,1.4,10.0,0.0,11.4,1
11.4,42,2011,04,28,ID,6,677,1.2,10.2,0.0,11.4,1
11.0,30,2011,04,29,ID,6,677,1.0,10.0,0.0,11.0,1
10.8,33,2011,04,30,ID,6,677,0.9,9.9,0.0,10.8,1
10.3,37,2011,05,01,ID,6,677,0.7,9.6,0.0,10.3,1
10.3,42,2011,05,02,ID,6,677,0.5,9.8,0.0,10.3,1
8.6,41,2011,05,03,ID,6,677,0.4,8.2,0.0,8.6,1
8.6,40,2011,05,04,ID,6,677,0.3,8.3,0.0,8.6,1
8.0,48,2011,05,05,ID,6,677,0.2,7.8,0.0,8.0,1
6.4,51,2011,05,06,ID,6,677,0.2,6.2,0.0,6.4,1
5.4,50,2011,05,07,ID,6,677,0.1,5.3,0.0,5.4,1
4.4,39,2011,05,08,ID,6,677,0.1,4.3,0.0,4.4,1
4.0,33,2011,05,09,ID,6,677,0.1,3.9,0.0,4.0,1
4.5,37,2011,05,10,ID,6,677,0.1,4.4,0.0,4.5,1
4.3,44,2011,05,11,ID,6,677,0.1,4.2,0.0,4.3,1
3.8,51,2011,05,12,ID,6,677,0.0,3.8,0.0,3.8,1
2.3,58,2011,05,13,ID,6,677,0.0,2.3,0.0,2.3,1
0.5,55,2011,05,14,ID,6,677,0.0,0.5,0.0,0.5,1
0.2,50,2011,05,15,ID,6,677,0.0,0.2,0.0,0.2,1
2.1,32,2012,01,01,ID,6,677,4.3,-2.2,3.9,-1.8,1
2.1,41,2012,01,02,ID,6,677,4.4,-2.3,3.9,-1.8,1
2.1,40,2012,01,03,ID,6,677,4.6,-2.5,4.0,-1.9,1
2.1,41,2012,01,04,ID,6,677,4.7,-2.6,4.0,-1.9,1
2.1,40,2012,01,05,ID,6,677,4.8,-2.7,4.1,-2.0,1
2.1,31,2012,01,06,ID,6,677,4.9,-2.8,4.1,-2.0,1
2.1,23,2012,01,07,ID,6,677,5.1,-3.0,4.2,-2.1,1
2.1,24,2012,01,08,ID,6,677,5.2,-3.1,4.3,-2.2,1
2.1,28,2012,01,09,ID,6,677,5.3,-3.2,4.5,-2.4,1
2.1,29,2012,01,10,ID,6,677,5.4,-3.3,4.7,-2.6,1
2.1,20,2012,01,11,ID,6,677,5.5,-3.4,4.9,-2.8,1
2.1,22,2012,01,12,ID,6,677,5.6,-3.5,5.1,-3.0,1
2.1,26,2012,01,13,ID,6,677,5.7,-3.6,5.3,-3.2,1
2.1,35,2012,01,14,ID,6,677,5.8,-3.7,5.5,-3.4,1
2.1,31,2012,01,15,ID,6,677,5.9,-3.8,5.6,-3.5,1
2.1,14,2012,01,16,ID,6,677,6.0,-3.9,5.7,-3.6,1
2.1,14,2012,01,17,ID,6,677,6.1,-4.0,5.7,-3.6,1
2.1,25,2012,01,18,ID,6,677,6.2,-4.1,5.7,-3.6,1
3.2,32,2012,01,19,ID,6,677,6.3,-3.1,5.8,-2.6,1
4.6,34,2012,01,20,ID,6,677,6.4,-1.8,5.8,-1.2,1
5.1,31,2012,01,21,ID,6,677,6.5,-1.4,5.9,-0.8,1
6.3,23,2012,01,22,ID,6,677,6.6,-0.3,6.0,0.3,1
6.3,27,2012,01,23,ID,6,677,6.7,-0.4,6.1,0.2,1
6.4,25,2012,01,24,ID,6,677,6.8,-0.4,6.2,0.2,1
6.4,30,2012,01,25,ID,6,677,6.9,-0.5,6.3,0.1,1
6.4,31,2012,01,26,ID,6,677,7.0,-0.6,6.5,-0.1,1
6.8,22,2012,01,27,ID,6,677,7.1,-0.3,6.6,0.2,1
6.8,21,2012,01,28,ID,6,677,7.2,-0.4,6.8,0.0,1
6.8,31,2012,01,29,ID,6,677,7.3,-0.5,6.9,-0.1,1
6.8,31,2012,01,30,ID,6,677,7.4,-0.6,6.9,-0.1,1
6.8,30,2012,01,31,ID,6,677,7.4,-0.6,7.0,-0.2,1
6.8,33,2012,02,01,ID,6,677,7.5,-0.7,7.1,-0.3,1
6.8,27,2012,02,02,ID,6,677,7.6,-0.8,7.1,-0.3,1
6.8,28,2012,02,03,ID,6,677,7.7,-0.9,7.1,-0.3,1
6.8,27,2012,02,04,ID,6,677,7.7,-0.9,7.2,-0.4,1
6.8,26,2012,02,05,ID,6,677,7.8,-1.0,7.3,-0.5,1
6.8,27,2012,02,06,ID,6,677,7.9,-1.1,7.4,-0.6,1
6.8,28,2012,02,07,ID,6,677,8.0,-1.2,7.6,-0.8,1
6.9,30,2012,02,08,ID,6,677,8.0,-1.1,7.7,-0.8,1
7.2,31,2012,02,09,ID,6,677,8.1,-0.9,7.8,-0.6,1
7.2,34,2012,02,10,ID,6,677,8.2,-1.0,7.9,-0.7,1
7.3,40,2012,02,11,ID,6,677,8.3,-1.0,8.0,-0.7,1
7.3,31,2012,02,12,ID,6,677,8.4,-1.1,8.2,-0.9,1
7.3,31,2012,02,13,ID,6,677,8.5,-1.2,8.3,-1.0,1
7.3,29,2012,02,14,ID,6,677,8.6,-1.3,8.4,-1.1,1
7.3,28,2012,02,15,ID,6,677,8.7,-1.4,8.5,-1.2,1
7.3,27,2012,02,16,ID,6,677,8.8,-1.5,8.7,-1.4,1
7.3,28,2012,02,17,ID,6,677,8.9,-1.6,8.8,-1.5,1
7.4,28,2012,02,18,ID,6,677,9.1,-1.7,9.0,-1.6,1
7.4,22,2012,02,19,ID,6,677,9.2,-1.8,9.1,-1.7,1
7.4,21,2012,02,20,ID,6,677,9.3,-1.9,9.3,-1.9,1
7.5,30,2012,02,21,ID,6,677,9.4,-1.9,9.4,-1.9,1
8.6,37,2012,02,22,ID,6,677,9.5,-0.9,9.5,-0.9,1
8.6,24,2012,02,23,ID,6,677,9.6,-1.0,9.6,-1.0,1
8.6,27,2012,02,24,ID,6,677,9.7,-1.1,9.6,-1.0,1
8.6,24,2012,02,25,ID,6,677,9.8,-1.2,9.5,-0.9,1
8.6,21,2012,02,26,ID,6,677,9.9,-1.3,9.5,-0.9,1
8.7,29,2012,02,27,ID,6,677,9.9,-1.2,9.4,-0.7,1
8.7,26,2012,02,28,ID,6,677,9.9,-1.2,9.4,-0.7,1
8.9,23,2012,02,29,ID,6,677,10.0,-1.1,9.3,-0.4,1
9.4,21,2012,03,01,ID,6,677,10.0,-0.6,9.3,0.1,1
9.8,20,2012,03,02,ID,6,677,10.1,-0.3,9.3,0.5,1
9.8,26,2012,03,03,ID,6,677,10.1,-0.3,9.3,0.5,1
9.9,36,2012,03,04,ID,6,677,10.2,-0.3,9.3,0.6,1
9.9,41,2012,03,05,ID,6,677,10.2,-0.3,9.3,0.6,1
9.9,31,2012,03,06,ID,6,677,10.2,-0.3,9.4,0.5,1
9.9,23,2012,03,07,ID,6,677,10.2,-0.3,9.5,0.4,1
10.0,35,2012,03,08,ID,6,677,10.2,-0.2,9.5,0.5,1
10.0,38,2012,03,09,ID,6,677,10.1,-0.1,9.5,0.5,1
9.9,41,2012,03,10,ID,6,677,10.1,-0.2,9.4,0.5,1
9.6,42,2012,03,11,ID,6,677,10.0,-0.4,9.4,0.2,1
9.0,43,2012,03,12,ID,6,677,9.9,-0.9,9.4,-0.4,1
8.7,43,2012,03,13,ID,6,677,9.8,-1.1,9.3,-0.6,1
8.6,42,2012,03,14,ID,6,677,9.8,-1.2,9.1,-0.5,1
8.4,45,2012,03,15,ID,6,677,9.7,-1.3,9.0,-0.6,1
8.2,44,2012,03,16,ID,6,677,9.6,-1.4,8.9,-0.7,1
8.0,41,2012,03,17,ID,6,677,9.6,-1.6,8.8,-0.8,1
7.5,31,2012,03,18,ID,6,677,9.5,-2.0,8.6,-1.1,1
8.0,26,2012,03,19,ID,6,677,9.4,-1.4,8.6,-0.6,1
8.0,28,2012,03,20,ID,6,677,9.3,-1.3,8.5,-0.5,1
8.1,40,2012,03,21,ID,6,677,9.2,-1.1,8.5,-0.4,1
7.9,49,2012,03,22,ID,6,677,9.0,-1.1,8.4,-0.5,1
7.3,49,2012,03,23,ID,6,677,8.8,-1.5,8.3,-1.0,1
6.6,50,2012,03,24,ID,6,677,8.7,-2.1,8.3,-1.7,1
6.0,51,2012,03,25,ID,6,677,8.5,-2.5,8.3,-2.3,1
5.6,36,2012,03,26,ID,6,677,8.4,-2.8,8.3,-2.7,1
5.5,40,2012,03,27,ID,6,677,8.2,-2.7,8.2,-2.7,1
5.3,42,2012,03,28,ID,6,677,8.1,-2.8,8.1,-2.8,1
5.1,38,2012,03,29,ID,6,677,8.0,-2.9,8.0,-2.9,1
4.9,46,2012,03,30,ID,6,677,7.8,-2.9,8.0,-3.1,1
4.5,54,2012,03,31,ID,6,677,7.7,-3.2,8.0,-3.5,1
3.4,32,2012,04,01,ID,6,677,7.6,-4.2,7.9,-4.5,1
3.3,33,2012,04,02,ID,6,677,7.4,-4.1,7.7,-4.4,1
3.1,43,2012,04,03,ID,6,677,7.2,-4.1,7.4,-4.3,1
2.5,44,2012,04,04,ID,6,677,7.0,-4.5,7.1,-4.6,1
1.3,36,2012,04,05,ID,6,677,6.8,-5.5,6.7,-5.4,1
0.5,29,2012,04,06,ID,6,677,6.6,-6.1,6.2,-5.7,1
0.5,36,2012,04,07,ID,6,677,6.4,-5.9,5.7,-5.2,1
2.9,12,2013,01,01,ID,6,677,4.3,-1.4,3.9,-1.0,1
2.8,14,2013,01,02,ID,6,677,4.4,-1.6,3.9,-1.1,1
2.8,18,2013,01,03,ID,6,677,4.6,-1.8,4.0,-1.2,1
2.8,21,2013,01,04,ID,6,677,4.7,-1.9,4.0,-1.2,1
2.8,23,2013,01,05,ID,6,677,4.8,-2.0,4.1,-1.3,1
2.8,29,2013,01,06,ID,6,677,4.9,-2.1,4.1,-1.3,1
2.8,25,2013,01,07,ID,6,677,5.1,-2.3,4.2,-1.4,1
2.9,26,2013,01,08,ID,6,677,5.2,-2.3,4.3,-1.4,1
3.1,35,2013,01,09,ID,6,677,5.3,-2.2,4.5,-1.4,1
3.1,26,2013,01,10,ID,6,677,5.4,-2.3,4.7,-1.6,1
3.4,13,2013,01,11,ID,6,677,5.5,-2.1,4.9,-1.5,1
3.5,5,2013,01,12,ID,6,677,5.6,-2.1,5.1,-1.6,1
3.5,2,2013,01,13,ID,6,677,5.7,-2.2,5.3,-1.8,1
3.5,2,2013,01,14,ID,6,677,5.8,-2.3,5.5,-2.0,1
3.5,10,2013,01,15,ID,6,677,5.9,-2.4,5.6,-2.1,1
3.5,15,2013,01,16,ID,6,677,6.0,-2.5,5.7,-2.2,1
3.5,25,2013,01,17,ID,6,677,6.1,-2.6,5.7,-2.2,1
3.6,26,2013,01,18,ID,6,677,6.2,-2.6,5.7,-2.1,1
3.6,28,2013,01,19,ID,6,677,6.3,-2.7,5.8,-2.2,1
3.6,29,2013,01,20,ID,6,677,6.4,-2.8,5.8,-2.2,1
3.6,30,2013,01,21,ID,6,677,6.5,-2.9,5.9,-2.3,1
3.6,35,2013,01,22,ID,6,677,6.6,-3.0,6.0,-2.4,1
3.7,38,2013,01,23,ID,6,677,6.7,-3.0,6.1,-2.4,1
3.7,34,2013,01,24,ID,6,677,6.8,-3.1,6.2,-2.5,1
4.0,35,2013,01,25,ID,6,677,6.9,-2.9,6.3,-2.3,1
4.0,36,2013,01,26,ID,6,677,7.0,-3.0,6.5,-2.5,1
4.0,26,2013,01,27,ID,6,677,7.1,-3.1,6.6,-2.6,1
4.9,19,2013,01,28,ID,6,677,7.2,-2.3,6.8,-1.9,1
5.2,21,2013,01,29,ID,6,677,7.3,-2.1,6.9,-1.7,1
5.4,26,2013,01,30,ID,6,677,7.4,-2.0,6.9,-1.5,1
5.7,30,2013,01,31,ID,6,677,7.4,-1.7,7.0,-1.3,1
5.7,30,2013,02,01,ID,6,677,7.5,-1.8,7.1,-1.4,1
5.7,31,2013,02,02,ID,6,677,7.6,-1.9,7.1,-1.4,1
5.7,31,2013,02,03,ID,6,677,7.7,-2.0,7.1,-1.4,1
5.7,31,2013,02,04,ID,6,677,7.7,-2.0,7.2,-1.5,1
5.7,35,2013,02,05,ID,6,677,7.8,-2.1,7.3,-1.6,1
5.7,30,2013,02,06,ID,6,677,7.9,-2.2,7.4,-1.7,1
5.7,30,2013,02,07,ID,6,677,8.0,-2.3,7.6,-1.9,1
5.7,32,2013,02,08,ID,6,677,8.0,-2.3,7.7,-2.0,1
5.9,23,2013,02,09,ID,6,677,8.1,-2.2,7.8,-1.9,1
6.6,20,2013,02,10,ID,6,677,8.2,-1.6,7.9,-1.3,1
6.7,18,2013,02,11,ID,6,677,8.3,-1.6,8.0,-1.3,1
6.7,19,2013,02,12,ID,6,677,8.4,-1.7,8.2,-1.5,1
6.7,24,2013,02,13,ID,6,677,8.5,-1.8,8.3,-1.6,1
6.7,28,2013,02,14,ID,6,677,8.6,-1.9,8.4,-1.7,1
6.7,27,2013,02,15,ID,6,677,8.7,-2.0,8.5,-1.8,1
6.7,32,2013,02,16,ID,6,677,8.8,-2.1,8.7,-2.0,1
6.7,26,2013,02,17,ID,6,677,8.9,-2.2,8.8,-2.1,1
6.7,24,2013,02,18,ID,6,677,9.1,-2.4,9.0,-2.3,1
6.7,33,2013,02,19,ID,6,677,9.2,-2.5,9.1,-2.4,1
6.7,28,2013,02,20,ID,6,677,9.3,-2.6,9.3,-2.6,1
6.7,22,2013,02,21,ID,6,677,9.4,-2.7,9.4,-2.7,1
6.7,23,2013,02,22,ID,6,677,9.5,-2.8,9.5,-2.8,1
6.9,21,2013,02,23,ID,6,677,9.6,-2.7,9.6,-2.7,1
7.2,20,2013,02,24,ID,6,677,9.7,-2.5,9.6,-2.4,1
7.2,20,2013,02,25,ID,6,677,9.8,-2.6,9.5,-2.3,1
7.3,22,2013,02,26,ID,6,677,9.9,-2.6,9.5,-2.2,1
7.3,21,2013,02,27,ID,6,677,9.9,-2.6,9.4,-2.1,1
7.3,26,2013,02,28,ID,6,677,9.9,-2.6,9.4,-2.1,1
7.4,34,2013,03,01,ID,6,677,10.0,-2.6,9.3,-1.9,1
7.4,38,2013,03,02,ID,6,677,10.1,-2.7,9.3,-1.9,1
7.4,33,2013,03,03,ID,6,677,10.1,-2.7,9.3,-1.9,1
7.4,23,2013,03,04,ID,6,677,10.2,-2.8,9.3,-1.9,1
7.4,33,2013,03,05,ID,6,677,10.2,-2.8,9.3,-1.9,1
7.4,38,2013,03,06,ID,6,677,10.2,-2.8,9.4,-2.0,1
7.5,33,2013,03,07,ID,6,677,10.2,-2.7,9.5,-2.0,1
7.6,36,2013,03,08,ID,6,677,10.2,-2.6,9.5,-1.9,1
7.6,31,2013,03,09,ID,6,677,10.1,-2.5,9.5,-1.9,1
7.6,34,2013,03,10,ID,6,677,10.1,-2.5,9.4,-1.8,1
7.6,36,2013,03,11,ID,6,677,10.0,-2.4,9.4,-1.8,1
7.5,38,2013,03,12,ID,6,677,9.9,-2.4,9.4,-1.9,1
7.3,44,2013,03,13,ID,6,677,9.8,-2.5,9.3,-2.0,1
6.9,49,2013,03,14,ID,6,677,9.8,-2.9,9.1,-2.2,1
6.5,47,2013,03,15,ID,6,677,9.7,-3.2,9.0,-2.5,1
6.1,41,2013,03,16,ID,6,677,9.6,-3.5,8.9,-2.8,1
5.8,28,2013,03,17,ID,6,677,9.6,-3.8,8.8,-3.0,1
5.8,29,2013,03,18,ID,6,677,9.5,-3.7,8.6,-2.8,1
5.8,35,2013,03,19,ID,6,677,9.4,-3.6,8.6,-2.8,1
5.7,36,2013,03,20,ID,6,677,9.3,-3.6,8.5,-2.8,1
5.5,28,2013,03,21,ID,6,677,9.2,-3.7,8.5,-3.0,1
5.5,21,2013,03,22,ID,6,677,9.0,-3.5,8.4,-2.9,1
5.5,20,2013,03,23,ID,6,677,8.8,-3.3,8.3,-2.8,1
5.5,23,2013,03,24,ID,6,677,8.7,-3.2,8.3,-2.8,1
5.6,30,2013,03,25,ID,6,677,8.5,-2.9,8.3,-2.7,1
5.7,39,2013,03,26,ID,6,677,8.4,-2.7,8.3,-2.6,1
5.7,42,2013,03,27,ID,6,677,8.2,-2.5,8.2,-2.5,1
5.7,47,2013,03,28,ID,6,677,8.1,-2.4,8.1,-2.4,1
5.5,46,2013,03,29,ID,6,677,8.0,-2.5,8.0,-2.5,1
5.2,46,2013,03,30,ID,6,677,7.8,-2.6,8.0,-2.8,1
4.7,49,2013,03,31,ID,6,677,7.7,-3.0,8.0,-3.3,1
3.8,44,2013,04,01,ID,6,677,7.6,-3.8,7.9,-4.1,1
3.0,47,2013,04,02,ID,6,677,7.4,-4.4,7.7,-4.7,1
2.0,47,2013,04,03,ID,6,677,7.2,-5.2,7.4,-5.4,1
1.1,50,2013,04,04,ID,6,677,7.0,-5.9,7.1,-6.0,1
0.2,42,2013,04,05,ID,6,677,6.8,-6.6,6.7,-6.5,1
0.5,28,2013,04,09,ID,6,677,5.8,-5.3,4.7,-4.2,1
0.7,37,2013,04,10,ID,6,677,5.5,-4.8,4.2,-3.5,1
0.2,41,2013,04,11,ID,6,677,5.2,-5.0,3.6,-3.4,1
2.1,30,2014,01,01,ID,6,677,4.3,-2.2,3.9,-1.8,1
2.1,31,2014,01,02,ID,6,677,4.4,-2.3,3.9,-1.8,1
2.1,30,2014,01,03,ID,6,677,4.6,-2.5,4.0,-1.9,1
2.1,19,2014,01,04,ID,6,677,4.7,-2.6,4.0,-1.9,1
2.1,15,2014,01,05,ID,6,677,4.8,-2.7,4.1,-2.0,1
2.1,22,2014,01,06,ID,6,677,4.9,-2.8,4.1,-2.0,1
2.3,28,2014,01,07,ID,6,677,5.1,-2.8,4.2,-1.9,1
2.4,28,2014,01,08,ID,6,677,5.2,-2.8,4.3,-1.9,1
2.5,25,2014,01,09,ID,6,677,5.3,-2.8,4.5,-2.0,1
3.0,28,2014,01,10,ID,6,677,5.4,-2.4,4.7,-1.7,1
3.3,34,2014,01,11,ID,6,677,5.5,-2.2,4.9,-1.6,1
3.6,26,2014,01,12,ID,6,677,5.6,-2.0,5.1,-1.5,1
3.7,30,2014,01,13,ID,6,677,5.7,-2.0,5.3,-1.6,1
4.0,30,2014,01,14,ID,6,677,5.8,-1.8,5.5,-1.5,1
4.0,31,2014,01,15,ID,6,677,5.9,-1.9,5.6,-1.6,1
4.0,30,2014,01,16,ID,6,677,6.0,-2.0,5.7,-1.7,1
4.0,32,2014,01,17,ID,6,677,6.1,-2.1,5.7,-1.7,1
4.0,34,2014,01,18,ID,6,677,6.2,-2.2,5.7,-1.7,1
4.0,34,2014,01,19,ID,6,677,6.3,-2.3,5.8,-1.8,1
4.0,36,2014,01,20,ID,6,677,6.4,-2.4,5.8,-1.8,1
4.0,35,2014,01,21,ID,6,677,6.5,-2.5,5.9,-1.9,1
4.0,32,2014,01,22,ID,6,677,6.6,-2.6,6.0,-2.0,1
4.0,29,2014,01,23,ID,6,677,6.7,-2.7,6.1,-2.1,1
4.0,30,2014,01,24,ID,6,677,6.8,-2.8,6.2,-2.2,1
4.0,31,2014,01,25,ID,6,677,6.9,-2.9,6.3,-2.3,1
4.0,31,2014,01,26,ID,6,677,7.0,-3.0,6.5,-2.5,1
4.0,29,2014,01,27,ID,6,677,7.1,-3.1,6.6,-2.6,1
4.0,25,2014,01,28,ID,6,677,7.2,-3.2,6.8,-2.8,1
4.1,29,2014,01,29,ID,6,677,7.3,-3.2,6.9,-2.8,1
4.7,28,2014,01,30,ID,6,677,7.4,-2.7,6.9,-2.2,1
4.7,22,2014,01,31,ID,6,677,7.4,-2.7,7.0,-2.3,1
4.7,21,2014,02,01,ID,6,677,7.5,-2.8,7.1,-2.4,1
4.9,21,2014,02,02,ID,6,677,7.6,-2.7,7.1,-2.2,1
4.9,20,2014,02,03,ID,6,677,7.7,-2.8,7.1,-2.2,1
5.0,13,2014,02,04,ID,6,677,7.7,-2.7,7.2,-2.2,1
5.0,15,2014,02,05,ID,6,677,7.8,-2.8,7.3,-2.3,1
5.2,19,2014,02,06,ID,6,677,7.9,-2.7,7.4,-2.2,1
5.4,25,2014,02,07,ID,6,677,8.0,-2.6,7.6,-2.2,1
6.3,32,2014,02,08,ID,6,677,8.0,-1.7,7.7,-1.4,1
7.5,35,2014,02,09,ID,6,677,8.1,-0.6,7.8,-0.3,1
7.5,32,2014,02,10,ID,6,677,8.2,-0.7,7.9,-0.4,1
7.6,31,2014,02,11,ID,6,677,8.3,-0.7,8.0,-0.4,1
7.7,33,2014,02,12,ID,6,677,8.4,-0.7,8.2,-0.5,1
8.5,36,2014,02,13,ID,6,677,8.5,0.0,8.3,0.2,1
8.7,35,2014,02,14,ID,6,677,8.6,0.1,8.4,0.3,1
9.1,42,2014,02,15,ID,6,677,8.7,0.4,8.5,0.6,1
8.9,34,2014,02,16,ID,6,677,8.8,0.1,8.7,0.2,1
8.8,34,2014,02,17,ID,6,677,8.9,-0.1,8.8,0.0,1
8.8,34,2014,02,18,ID,6,677,9.1,-0.3,9.0,-0.2,1
8.8,28,2014,02,19,ID,6,677,9.2,-0.4,9.1,-0.3,1
8.8,24,2014,02,20,ID,6,677,9.3,-0.5,9.3,-0.5,1
8.8,30,2014,02,21,ID,6,677,9.4,-0.6,9.4,-0.6,1
8.8,29,2014,02,22,ID,6,677,9.5,-0.7,9.5,-0.7,1
8.8,37,2014,02,23,ID,6,677,9.6,-0.8,9.6,-0.8,1
8.8,41,2014,02,24,ID,6,677,9.7,-0.9,9.6,-0.8,1
8.9,40,2014,02,25,ID,6,677,9.8,-0.9,9.5,-0.6,1
8.9,42,2014,02,26,ID,6,677,9.9,-1.0,9.5,-0.6,1
8.9,38,2014,02,27,ID,6,677,9.9,-1.0,9.4,-0.5,1
8.9,36,2014,02,28,ID,6,677,9.9,-1.0,9.4,-0.5,1
9.0,33,2014,03,01,ID,6,677,10.0,-1.0,9.3,-0.3,1
10.7,35,2014,03,02,ID,6,677,10.1,0.6,9.3,1.4,1
10.7,39,2014,03,03,ID,6,677,10.1,0.6,9.3,1.4,1
10.7,38,2014,03,04,ID,6,677,10.2,0.5,9.3,1.4,1
10.6,38,2014,03,05,ID,6,677,10.2,0.4,9.3,1.3,1
10.6,38,2014,03,06,ID,6,677,10.2,0.4,9.4,1.2,1
10.8,35,2014,03,07,ID,6,677,10.2,0.6,9.5,1.3,1
10.8,38,2014,03,08,ID,6,677,10.2,0.6,9.5,1.3,1
10.7,42,2014,03,09,ID,6,677,10.1,0.6,9.5,1.2,1
10.7,38,2014,03,10,ID,6,677,10.1,0.6,9.4,1.3,1
10.7,32,2014,03,11,ID,6,677,10.0,0.7,9.4,1.3,1
10.7,37,2014,03,12,ID,6,677,9.9,0.8,9.4,1.3,1
10.7,40,2014,03,13,ID,6,677,9.8,0.9,9.3,1.4,1
10.7,39,2014,03,14,ID,6,677,9.8,0.9,9.1,1.6,1
10.7,37,2014,03,15,ID,6,677,9.7,1.0,9.0,1.7,1
10.7,42,2014,03,16,ID,6,677,9.6,1.1,8.9,1.8,1
10.7,32,2014,03,17,ID,6,677,9.6,1.1,8.8,1.9,1
10.7,28,2014,03,18,ID,6,677,9.5,1.2,8.6,2.1,1
10.7,33,2014,03,19,ID,6,677,9.4,1.3,8.6,2.1,1
10.2,39,2014,03,20,ID,6,677,9.3,0.9,8.5,1.7,1
9.9,33,2014,03,21,ID,6,677,9.2,0.7,8.5,1.4,1
9.5,34,2014,03,22,ID,6,677,9.0,0.5,8.4,1.1,1
9.2,38,2014,03,23,ID,6,677,8.8,0.4,8.3,0.9,1
8.8,41,2014,03,24,ID,6,677,8.7,0.1,8.3,0.5,1
8.1,47,2014,03,25,ID,6,677,8.5,-0.4,8.3,-0.2,1
7.4,35,2014,03,26,ID,6,677,8.4,-1.0,8.3,-0.9,1
7.4,33,2014,03,27,ID,6,677,8.2,-0.8,8.2,-0.8,1
7.4,36,2014,03,28,ID,6,677,8.1,-0.7,8.1,-0.7,1
7.5,42,2014,03,29,ID,6,677,8.0,-0.5,8.0,-0.5,1
7.6,33,2014,03,30,ID,6,677,7.8,-0.2,8.0,-0.4,1
8.3,32,2014,03,31,ID,6,677,7.7,0.6,8.0,0.3,1
8.4,31,2014,04,01,ID,6,677,7.6,0.8,7.9,0.5,1
8.8,32,2014,04,02,ID,6,677,7.4,1.4,7.7,1.1,1
9.0,33,2014,04,03,ID,6,677,7.2,1.8,7.4,1.6,1
9.0,37,2014,04,04,ID,6,677,7.0,2.0,7.1,1.9,1
9.0,38,2014,04,05,ID,6,677,6.8,2.2,6.7,2.3,1
8.9,37,2014,04,06,ID,6,677,6.6,2.3,6.2,2.7,1
8.8,44,2014,04,07,ID,6,677,6.4,2.4,5.7,3.1,1
8.6,50,2014,04,08,ID,6,677,6.1,2.5,5.2,3.4,1
8.1,53,2014,04,09,ID,6,677,5.8,2.3,4.7,3.4,1
7.0,48,2014,04,10,ID,6,677,5.5,1.5,4.2,2.8,1
6.2,53,2014,04,11,ID,6,677,5.2,1.0,3.6,2.6,1
5.1,48,2014,04,12,ID,6,677,5.0,0.1,3.1,2.0,1
4.5,34,2014,04,13,ID,6,677,4.7,-0.2,2.6,1.9,1
3.9,37,2014,04,14,ID,6,677,4.4,-0.5,2.1,1.8,1
3.0,42,2014,04,15,ID,6,677,4.2,-1.2,1.6,1.4,1
2.2,39,2014,04,16,ID,6,677,3.9,-1.7,1.1,1.1,1
1.2,47,2014,04,17,ID,6,677,3.7,-2.5,0.8,0.4,1
0.6,45,2014,04,18,ID,6,677,3.4,-2.8,0.6,0.0,1
5.0,21,2015,01,01,ID,6,677,4.3,0.7,3.9,1.1,1
5.0,18,2015,01,02,ID,6,677,4.4,0.6,3.9,1.1,1
5.0,21,2015,01,03,ID,6,677,4.6,0.4,4.0,1.0,1
5.0,27,2015,01,04,ID,6,677,4.7,0.3,4.0,1.0,1
5.1,33,2015,01,05,ID,6,677,4.8,0.3,4.1,1.0,1
5.2,39,2015,01,06,ID,6,677,4.9,0.3,4.1,1.1,1
5.2,44,2015,01,07,ID,6,677,5.1,0.1,4.2,1.0,1
5.2,40,2015,01,08,ID,6,677,5.2,0.0,4.3,0.9,1
5.2,36,2015,01,09,ID,6,677,5.3,-0.1,4.5,0.7,1
5.2,35,2015,01,10,ID,6,677,5.4,-0.2,4.7,0.5,1
5.2,33,2015,01,11,ID,6,677,5.5,-0.3,4.9,0.3,1
5.3,33,2015,01,12,ID,6,677,5.6,-0.3,5.1,0.2,1
5.6,29,2015,01,13,ID,6,677,5.7,-0.1,5.3,0.3,1
5.6,20,2015,01,14,ID,6,677,5.8,-0.2,5.5,0.1,1
5.6,27,2015,01,15,ID,6,677,5.9,-0.3,5.6,0.0,1
5.6,30,2015,01,16,ID,6,677,6.0,-0.4,5.7,-0.1,1
5.8,30,2015,01,17,ID,6,677,6.1,-0.3,5.7,0.1,1
5.9,37,2015,01,18,ID,6,677,6.2,-0.3,5.7,0.2,1
6.1,33,2015,01,19,ID,6,677,6.3,-0.2,5.8,0.3,1
6.1,25,2015,01,20,ID,6,677,6.4,-0.3,5.8,0.3,1
6.1,23,2015,01,21,ID,6,677,6.5,-0.4,5.9,0.2,1
6.1,23,2015,01,22,ID,6,677,6.6,-0.5,6.0,0.1,1
6.1,26,2015,01,23,ID,6,677,6.7,-0.6,6.1,0.0,1
6.1,28,2015,01,24,ID,6,677,6.8,-0.7,6.2,-0.1,1
6.1,37,2015,01,25,ID,6,677,6.9,-0.8,6.3,-0.2,1
6.1,46,2015,01,26,ID,6,677,7.0,-0.9,6.5,-0.4,1
6.1,41,2015,01,27,ID,6,677,7.1,-1.0,6.6,-0.5,1
6.1,35,2015,01,28,ID,6,677,7.2,-1.1,6.8,-0.7,1
6.1,35,2015,01,29,ID,6,677,7.3,-1.2,6.9,-0.8,1
6.1,36,2015,01,30,ID,6,677,7.4,-1.3,6.9,-0.8,1
6.1,32,2015,01,31,ID,6,677,7.4,-1.3,7.0,-0.9,1
6.1,29,2015,02,01,ID,6,677,7.5,-1.4,7.1,-1.0,1
6.1,35,2015,02,02,ID,6,677,7.6,-1.5,7.1,-1.0,1
6.1,37,2015,02,03,ID,6,677,7.7,-1.6,7.1,-1.0,1
6.2,37,2015,02,04,ID,6,677,7.7,-1.5,7.2,-1.0,1
6.2,44,2015,02,05,ID,6,677,7.8,-1.6,7.3,-1.1,1
6.0,46,2015,02,06,ID,6,677,7.9,-1.9,7.4,-1.4,1
5.9,46,2015,02,07,ID,6,677,8.0,-2.1,7.6,-1.7,1
5.7,43,2015,02,08,ID,6,677,8.0,-2.3,7.7,-2.0,1
5.4,41,2015,02,09,ID,6,677,8.1,-2.7,7.8,-2.4,1
5.1,34,2015,02,10,ID,6,677,8.2,-3.1,7.9,-2.8,1
5.3,37,2015,02,11,ID,6,677,8.3,-3.0,8.0,-2.7,1
5.4,40,2015,02,12,ID,6,677,8.4,-3.0,8.2,-2.8,1
5.3,44,2015,02,13,ID,6,677,8.5,-3.2,8.3,-3.0,1
5.1,44,2015,02,14,ID,6,677,8.6,-3.5,8.4,-3.3,1
4.8,37,2015,02,15,ID,6,677,8.7,-3.9,8.5,-3.7,1
4.7,31,2015,02,16,ID,6,677,8.8,-4.1,8.7,-4.0,1
4.7,31,2015,02,17,ID,6,677,8.9,-4.2,8.8,-4.1,1
4.6,37,2015,02,18,ID,6,677,9.1,-4.5,9.0,-4.4,1
4.5,42,2015,02,19,ID,6,677,9.2,-4.7,9.1,-4.6,1
3.8,33,2015,02,20,ID,6,677,9.3,-5.5,9.3,-5.5,1
3.7,27,2015,02,21,ID,6,677,9.4,-5.7,9.4,-5.7,1
3.7,20,2015,02,22,ID,6,677,9.5,-5.8,9.5,-5.8,1
3.6,26,2015,02,23,ID,6,677,9.6,-6.0,9.6,-6.0,1
3.6,35,2015,02,24,ID,6,677,9.7,-6.1,9.6,-6.0,1
3.6,34,2015,02,25,ID,6,677,9.8,-6.2,9.5,-5.9,1
3.6,29,2015,02,26,ID,6,677,9.9,-6.3,9.5,-5.9,1
3.6,28,2015,02,27,ID,6,677,9.9,-6.3,9.4,-5.8,1
3.6,30,2015,02,28,ID,6,677,9.9,-6.3,9.4,-5.8,1
3.6,31,2015,03,01,ID,6,677,10.0,-6.4,9.3,-5.7,1
3.5,29,2015,03,02,ID,6,677,10.1,-6.6,9.3,-5.8,1
3.4,25,2015,03,03,ID,6,677,10.1,-6.7,9.3,-5.9,1
3.8,25,2015,03,04,ID,6,677,10.2,-6.4,9.3,-5.5,1
4.1,31,2015,03,05,ID,6,677,10.2,-6.1,9.3,-5.2,1
4.1,39,2015,03,06,ID,6,677,10.2,-6.1,9.4,-5.3,1
4.2,43,2015,03,07,ID,6,677,10.2,-6.0,9.5,-5.3,1
3.7,43,2015,03,08,ID,6,677,10.2,-6.5,9.5,-5.8,1
3.0,42,2015,03,09,ID,6,677,10.1,-7.1,9.5,-6.5,1
2.2,44,2015,03,10,ID,6,677,10.1,-7.9,9.4,-7.2,1
1.3,45,2015,03,11,ID,6,677,10.0,-8.7,9.4,-8.1,1
1.1,43,2015,03,12,ID,6,677,9.9,-8.8,9.4,-8.3,1
0.9,47,2015,03,13,ID,6,677,9.8,-8.9,9.3,-8.4,1
0.6,47,2015,03,14,ID,6,677,9.8,-9.2,9.1,-8.5,1
0.6,52,2015,03,15,ID,6,677,9.7,-9.1,9.0,-8.4,1
0.4,52,2015,03,16,ID,6,677,9.6,-9.2,8.9,-8.5,1
0.3,51,2015,03,17,ID,6,677,9.6,-9.3,8.8,-8.5,1
0.6,31,2015,03,24,ID,6,677,8.7,-8.1,8.3,-7.7,1
1.1,35,2015,03,25,ID,6,677,8.5,-7.4,8.3,-7.2,1
1.0,42,2015,03,26,ID,6,677,8.4,-7.4,8.3,-7.3,1
0.5,50,2015,03,27,ID,6,677,8.2,-7.7,8.2,-7.7,1
0.2,49,2015,03,28,ID,6,677,8.1,-7.9,8.1,-7.9,1
0.1,39,2015,04,07,ID,6,677,6.4,-6.3,5.7,-5.6,1
0.3,36,2015,04,08,ID,6,677,6.1,-5.8,5.2,-4.9,1
0.6,38,2015,04,09,ID,6,677,5.8,-5.2,4.7,-4.1,1
0.2,44,2015,04,10,ID,6,677,5.5,-5.3,4.2,-4.0,1
0.2,46,2015,04,11,ID,6,677,5.2,-5.0,3.6,-3.4,1
0.2,38,2015,04,12,ID,6,677,5.0,-4.8,3.1,-2.9,1
0.2,49,2015,04,13,ID,6,677,4.7,-4.5,2.6,-2.4,1
0.2,40,2015,04,14,ID,6,677,4.4,-4.2,2.1,-1.9,1
0.2,28,2015,04,15,ID,6,677,4.2,-4.0,1.6,-1.4,1
0.8,39,2015,04,16,ID,6,677,3.9,-3.1,1.1,-0.3,1
0.2,46,2015,04,17,ID,6,677,3.7,-3.5,0.8,-0.6,1
4.3,18,2016,01,01,ID,6,677,4.3,0.0,3.9,0.4,1
4.3,24,2016,01,02,ID,6,677,4.4,-0.1,3.9,0.4,1
4.3,35,2016,01,03,ID,6,677,4.6,-0.3,4.0,0.3,1
4.3,35,2016,01,04,ID,6,677,4.7,-0.4,4.0,0.3,1
4.3,32,2016,01,05,ID,6,677,4.8,-0.5,4.1,0.2,1
4.5,32,2016,01,06,ID,6,677,4.9,-0.4,4.1,0.4,1
4.6,29,2016,01,07,ID,6,677,5.1,-0.5,4.2,0.4,1
4.6,25,2016,01,08,ID,6,677,5.2,-0.6,4.3,0.3,1
4.6,24,2016,01,09,ID,6,677,5.3,-0.7,4.5,0.1,1
4.6,22,2016,01,10,ID,6,677,5.4,-0.8,4.7,-0.1,1
4.6,19,2016,01,11,ID,6,677,5.5,-0.9,4.9,-0.3,1
4.6,24,2016,01,12,ID,6,677,5.6,-1.0,5.1,-0.5,1
4.6,29,2016,01,13,ID,6,677,5.7,-1.1,5.3,-0.7,1
4.6,24,2016,01,14,ID,6,677,5.8,-1.2,5.5,-0.9,1
4.7,24,2016,01,15,ID,6,677,5.9,-1.2,5.6,-0.9,1
4.9,26,2016,01,16,ID,6,677,6.0,-1.1,5.7,-0.8,1
5.4,31,2016,01,17,ID,6,677,6.1,-0.7,5.7,-0.3,1
5.4,31,2016,01,18,ID,6,677,6.2,-0.8,5.7,-0.3,1
5.7,28,2016,01,19,ID,6,677,6.3,-0.6,5.8,-0.1,1
6.1,26,2016,01,20,ID,6,677,6.4,-0.3,5.8,0.3,1
6.3,27,2016,01,21,ID,6,677,6.5,-0.2,5.9,0.4,1
6.3,35,2016,01,22,ID,6,677,6.6,-0.3,6.0,0.3,1
6.3,33,2016,01,23,ID,6,677,6.7,-0.4,6.1,0.2,1
6.4,28,2016,01,24,ID,6,677,6.8,-0.4,6.2,0.2,1
6.4,25,2016,01,25,ID,6,677,6.9,-0.5,6.3,0.1,1
6.4,24,2016,01,26,ID,6,677,7.0,-0.6,6.5,-0.1,1
6.4,26,2016,01,27,ID,6,677,7.1,-0.7,6.6,-0.2,1
6.4,31,2016,01,28,ID,6,677,7.2,-0.8,6.8,-0.4,1
6.6,31,2016,01,29,ID,6,677,7.3,-0.7,6.9,-0.3,1
7.4,25,2016,01,30,ID,6,677,7.4,0.0,6.9,0.5,1
7.6,24,2016,01,31,ID,6,677,7.4,0.2,7.0,0.6,1
7.6,16,2016,02,01,ID,6,677,7.5,0.1,7.1,0.5,1
7.6,17,2016,02,02,ID,6,677,7.6,0.0,7.1,0.5,1
7.6,17,2016,02,03,ID,6,677,7.7,-0.1,7.1,0.5,1
7.6,18,2016,02,04,ID,6,677,7.7,-0.1,7.2,0.4,1
7.7,25,2016,02,05,ID,6,677,7.8,-0.1,7.3,0.4,1
7.7,28,2016,02,06,ID,6,677,7.9,-0.2,7.4,0.3,1
7.7,31,2016,02,07,ID,6,677,8.0,-0.3,7.6,0.1,1
7.7,34,2016,02,08,ID,6,677,8.0,-0.3,7.7,0.0,1
7.7,36,2016,02,09,ID,6,677,8.1,-0.4,7.8,-0.1,1
7.7,36,2016,02,10,ID,6,677,8.2,-0.5,7.9,-0.2,1
7.7,40,2016,02,11,ID,6,677,8.3,-0.6,8.0,-0.3,1
7.6,42,2016,02,12,ID,6,677,8.4,-0.8,8.2,-0.6,1
7.5,37,2016,02,13,ID,6,677,8.5,-1.0,8.3,-0.8,1
7.4,32,2016,02,14,ID,6,677,8.6,-1.2,8.4,-1.0,1
7.7,38,2016,02,15,ID,6,677,8.7,-1.0,8.5,-0.8,1
7.6,41,2016,02,16,ID,6,677,8.8,-1.2,8.7,-1.1,1
7.4,43,2016,02,17,ID,6,677,8.9,-1.5,8.8,-1.4,1
7.4,34,2016,02,18,ID,6,677,9.1,-1.7,9.0,-1.6,1
7.7,35,2016,02,19,ID,6,677,9.2,-1.5,9.1,-1.4,1
7.7,33,2016,02,20,ID,6,677,9.3,-1.6,9.3,-1.6,1
7.7,35,2016,02,21,ID,6,677,9.4,-1.7,9.4,-1.7,1
7.8,29,2016,02,22,ID,6,677,9.5,-1.7,9.5,-1.7,1
8.0,29,2016,02,23,ID,6,677,9.6,-1.6,9.6,-1.6,1
8.0,31,2016,02,24,ID,6,677,9.7,-1.7,9.6,-1.6,1
8.0,37,2016,02,25,ID,6,677,9.8,-1.8,9.5,-1.5,1
8.0,42,2016,02,26,ID,6,677,9.9,-1.9,9.5,-1.5,1
8.0,39,2016,02,27,ID,6,677,9.9,-1.9,9.4,-1.4,1
8.0,38,2016,02,28,ID,6,677,9.9,-1.9,9.4,-1.4,1
8.0,35,2016,02,29,ID,6,677,10.0,-2.0,9.3,-1.3,1
8.0,39,2016,03,01,ID,6,677,10.0,-2.0,9.3,-1.3,1
7.7,40,2016,03,02,ID,6,677,10.1,-2.4,9.3,-1.6,1
7.6,44,2016,03,03,ID,6,677,10.1,-2.5,9.3,-1.7,1
7.3,47,2016,03,04,ID,6,677,10.2,-2.9,9.3,-2.0,1
6.9,47,2016,03,05,ID,6,677,10.2,-3.3,9.3,-2.4,1
6.6,37,2016,03,06,ID,6,677,10.2,-3.6,9.4,-2.8,1
7.1,32,2016,03,07,ID,6,677,10.2,-3.1,9.5,-2.4,1
7.1,34,2016,03,08,ID,6,677,10.2,-3.1,9.5,-2.4,1
7.3,34,2016,03,09,ID,6,677,10.1,-2.8,9.5,-2.2,1
7.4,44,2016,03,10,ID,6,677,10.1,-2.7,9.4,-2.0,1
7.2,46,2016,03,11,ID,6,677,10.0,-2.8,9.4,-2.2,1
7.0,43,2016,03,12,ID,6,677,9.9,-2.9,9.4,-2.4,1
6.7,38,2016,03,13,ID,6,677,9.8,-3.1,9.3,-2.6,1
6.9,31,2016,03,14,ID,6,677,9.8,-2.9,9.1,-2.2,1
7.1,26,2016,03,15,ID,6,677,9.7,-2.6,9.0,-1.9,1
7.3,30,2016,03,16,ID,6,677,9.6,-2.3,8.9,-1.6,1
7.7,31,2016,03,17,ID,6,677,9.6,-1.9,8.8,-1.1,1
7.7,30,2016,03,18,ID,6,677,9.5,-1.8,8.6,-0.9,1
7.7,37,2016,03,19,ID,6,677,9.4,-1.7,8.6,-0.9,1
7.6,47,2016,03,20,ID,6,677,9.3,-1.7,8.5,-0.9,1
7.4,46,2016,03,21,ID,6,677,9.2,-1.8,8.5,-1.1,1
7.2,33,2016,03,22,ID,6,677,9.0,-1.8,8.4,-1.2,1
7.0,33,2016,03,23,ID,6,677,8.8,-1.8,8.3,-1.3,1
6.9,35,2016,03,24,ID,6,677,8.7,-1.8,8.3,-1.4,1
6.8,30,2016,03,25,ID,6,677,8.5,-1.7,8.3,-1.5,1
6.8,34,2016,03,26,ID,6,677,8.4,-1.6,8.3,-1.5,1
6.8,37,2016,03,27,ID,6,677,8.2,-1.4,8.2,-1.4,1
7.1,33,2016,03,28,ID,6,677,8.1,-1.0,8.1,-1.0,1
7.4,34,2016,03,29,ID,6,677,8.0,-0.6,8.0,-0.6,1
8.2,36,2016,03,30,ID,6,677,7.8,0.4,8.0,0.2,1
8.2,39,2016,03,31,ID,6,677,7.7,0.5,8.0,0.2,1
7.9,42,2016,04,01,ID,6,677,7.6,0.3,7.9,0.0,1
7.7,45,2016,04,02,ID,6,677,7.4,0.3,7.7,0.0,1
7.1,49,2016,04,03,ID,6,677,7.2,-0.1,7.4,-0.3,1
6.5,46,2016,04,04,ID,6,677,7.0,-0.5,7.1,-0.6,1
5.9,38,2016,04,05,ID,6,677,6.8,-0.9,6.7,-0.8,1
5.6,44,2016,04,06,ID,6,677,6.6,-1.0,6.2,-0.6,1
4.7,52,2016,04,07,ID,6,677,6.4,-1.7,5.7,-1.0,1
3.5,56,2016,04,08,ID,6,677,6.1,-2.6,5.2,-1.7,1
2.2,50,2016,04,09,ID,6,677,5.8,-3.6,4.7,-2.5,1
1.3,46,2016,04,10,ID,6,677,5.5,-4.2,4.2,-2.9,1
0.6,48,2016,04,11,ID,6,677,5.2,-4.6,3.6,-3.0,1
0.2,36,2016,04,14,ID,6,677,4.4,-4.2,2.1,-1.9,1
0.7,34,2016,04,15,ID,6,677,4.2,-3.5,1.6,-0.9,1
0.2,38,2016,04,16,ID,6,677,3.9,-3.7,1.1,-0.9,1
0.2,42,2016,04,17,ID,6,677,3.7,-3.5,0.8,-0.6,1
4.9,21,2017,01,01,ID,6,677,4.3,0.6,3.9,1.0,1
4.9,18,2017,01,02,ID,6,677,4.4,0.5,3.9,1.0,1
4.9,21,2017,01,03,ID,6,677,4.6,0.3,4.0,0.9,1
5.2,22,2017,01,04,ID,6,677,4.7,0.5,4.0,1.2,1
6.0,8,2017,01,05,ID,6,677,4.8,1.2,4.1,1.9,1
6.0,7,2017,01,06,ID,6,677,4.9,1.1,4.1,1.9,1
6.0,20,2017,01,07,ID,6,677,5.1,0.9,4.2,1.8,1
6.1,31,2017,01,08,ID,6,677,5.2,0.9,4.3,1.8,1
6.8,31,2017,01,09,ID,6,677,5.3,1.5,4.5,2.3,1
7.8,29,2017,01,10,ID,6,677,5.4,2.4,4.7,3.1,1
9.6,28,2017,01,11,ID,6,677,5.5,4.1,4.9,4.7,1
10.3,26,2017,01,12,ID,6,677,5.6,4.7,5.1,5.2,1
10.3,28,2017,01,13,ID,6,677,5.7,4.6,5.3,5.0,1
10.3,31,2017,01,14,ID,6,677,5.8,4.5,5.5,4.8,1
10.3,27,2017,01,15,ID,6,677,5.9,4.4,5.6,4.7,1
10.3,19,2017,01,16,ID,6,677,6.0,4.3,5.7,4.6,1
10.3,22,2017,01,17,ID,6,677,6.1,4.2,5.7,4.6,1
10.3,29,2017,01,18,ID,6,677,6.2,4.1,5.7,4.6,1
10.3,29,2017,01,19,ID,6,677,6.3,4.0,5.8,4.5,1
10.4,27,2017,01,20,ID,6,677,6.4,4.0,5.8,4.6,1
10.4,28,2017,01,21,ID,6,677,6.5,3.9,5.9,4.5,1
10.4,27,2017,01,22,ID,6,677,6.6,3.8,6.0,4.4,1
10.9,28,2017,01,23,ID,6,677,6.7,4.2,6.1,4.8,1
12.0,21,2017,01,24,ID,6,677,6.8,5.2,6.2,5.8,1
12.1,18,2017,01,25,ID,6,677,6.9,5.2,6.3,5.8,1
12.2,18,2017,01,26,ID,6,677,7.0,5.2,6.5,5.7,1
12.2,16,2017,01,27,ID,6,677,7.1,5.1,6.6,5.6,1
12.2,18,2017,01,28,ID,6,677,7.2,5.0,6.8,5.4,1
12.2,26,2017,01,29,ID,6,677,7.3,4.9,6.9,5.3,1
12.2,30,2017,01,30,ID,6,677,7.4,4.8,6.9,5.3,1
12.2,31,2017,01,31,ID,6,677,7.4,4.8,7.0,5.2,1
12.2,35,2017,02,01,ID,6,677,7.5,4.7,7.1,5.1,1
12.2,33,2017,02,02,ID,6,677,7.6,4.6,7.1,5.1,1
12.2,35,2017,02,03,ID,6,677,7.7,4.5,7.1,5.1,1
12.3,36,2017,02,04,ID,6,677,7.7,4.6,7.2,5.1,1
12.3,37,2017,02,05,ID,6,677,7.8,4.5,7.3,5.0,1
12.4,35,2017,02,06,ID,6,677,7.9,4.5,7.4,5.0,1
12.7,33,2017,02,07,ID,6,677,8.0,4.7,7.6,5.1,1
13.4,37,2017,02,08,ID,6,677,8.0,5.4,7.7,5.7,1
13.5,42,2017,02,09,ID,6,677,8.1,5.4,7.8,5.7,1
13.6,37,2017,02,10,ID,6,677,8.2,5.4,7.9,5.7,1
13.6,30,2017,02,11,ID,6,677,8.3,5.3,8.0,5.6,1
13.6,29,2017,02,12,ID,6,677,8.4,5.2,8.2,5.4,1
13.6,35,2017,02,13,ID,6,677,8.5,5.1,8.3,5.3,1
13.6,36,2017,02,14,ID,6,677,8.6,5.0,8.4,5.2,1
13.6,38,2017,02,15,ID,6,677,8.7,4.9,8.5,5.1,1
13.5,39,2017,02,16,ID,6,677,8.8,4.7,8.7,4.8,1
13.4,36,2017,02,17,ID,6,677,8.9,4.5,8.8,4.6,1
13.3,37,2017,02,18,ID,6,677,9.1,4.2,9.0,4.3,1
13.5,36,2017,02,19,ID,6,677,9.2,4.3,9.1,4.4,1
14.1,36,2017,02,20,ID,6,677,9.3,4.8,9.3,4.8,1
14.4,36,2017,02,21,ID,6,677,9.4,5.0,9.4,5.0,1
14.4,29,2017,02,22,ID,6,677,9.5,4.9,9.5,4.9,1
14.7,22,2017,02,23,ID,6,677,9.6,5.1,9.6,5.1,1
15.0,18,2017,02,24,ID,6,677,9.7,5.3,9.6,5.4,1
15.1,17,2017,02,25,ID,6,677,9.8,5.3,9.5,5.6,1
15.1,21,2017,02,26,ID,6,677,9.9,5.2,9.5,5.6,1
15.5,22,2017,02,27,ID,6,677,9.9,5.6,9.4,6.1,1
15.8,20,2017,02,28,ID,6,677,9.9,5.9,9.4,6.4,1
16.0,26,2017,03,01,ID,6,677,10.0,6.0,9.3,6.7,1
16.3,30,2017,03,02,ID,6,677,10.1,6.2,9.3,7.0,1
16.5,38,2017,03,03,ID,6,677,10.1,6.4,9.3,7.2,1
16.6,41,2017,03,04,ID,6,677,10.2,6.4,9.3,7.3,1
16.6,32,2017,03,05,ID,6,677,10.2,6.4,9.3,7.3,1
16.6,21,2017,03,06,ID,6,677,10.2,6.4,9.4,7.2,1
16.6,28,2017,03,07,ID,6,677,10.2,6.4,9.5,7.1,1
16.8,37,2017,03,08,ID,6,677,10.2,6.6,9.5,7.3,1
17.1,43,2017,03,09,ID,6,677,10.1,7.0,9.5,7.6,1
16.8,44,2017,03,10,ID,6,677,10.1,6.7,9.4,7.4,1
16.5,41,2017,03,11,ID,6,677,10.0,6.5,9.4,7.1,1
16.0,41,2017,03,12,ID,6,677,9.9,6.1,9.4,6.6,1
15.6,45,2017,03,13,ID,6,677,9.8,5.8,9.3,6.3,1
15.3,51,2017,03,14,ID,6,677,9.8,5.5,9.1,6.2,1
14.6,53,2017,03,15,ID,6,677,9.7,4.9,9.0,5.6,1
13.9,47,2017,03,16,ID,6,677,9.6,4.3,8.9,5.0,1
13.3,51,2017,03,17,ID,6,677,9.6,3.7,8.8,4.5,1
12.7,51,2017,03,18,ID,6,677,9.5,3.2,8.6,4.1,1
12.3,47,2017,03,19,ID,6,677,9.4,2.9,8.6,3.7,1
11.6,50,2017,03,20,ID,6,677,9.3,2.3,8.5,3.1,1
11.0,51,2017,03,21,ID,6,677,9.2,1.8,8.5,2.5,1
10.1,41,2017,03,22,ID,6,677,9.0,1.1,8.4,1.7,1
9.4,36,2017,03,23,ID,6,677,8.8,0.6,8.3,1.1,1
9.4,39,2017,03,24,ID,6,677,8.7,0.7,8.3,1.1,1
9.4,36,2017,03,25,ID,6,677,8.5,0.9,8.3,1.1,1
9.2,36,2017,03,26,ID,6,677,8.4,0.8,8.3,0.9,1
9.1,36,2017,03,27,ID,6,677,8.2,0.9,8.2,0.9,1
9.3,36,2017,03,28,ID,6,677,8.1,1.2,8.1,1.2,1
9.3,40,2017,03,29,ID,6,677,8.0,1.3,8.0,1.3,1
8.9,36,2017,03,30,ID,6,677,7.8,1.1,8.0,0.9,1
8.7,39,2017,03,31,ID,6,677,7.7,1.0,8.0,0.7,1
8.6,42,2017,04,01,ID,6,677,7.6,1.0,7.9,0.7,1
8.5,38,2017,04,02,ID,6,677,7.4,1.1,7.7,0.8,1
8.7,34,2017,04,03,ID,6,677,7.2,1.5,7.4,1.3,1
8.1,32,2017,04,04,ID,6,677,7.0,1.1,7.1,1.0,1
7.9,40,2017,04,05,ID,6,677,6.8,1.1,6.7,1.2,1
7.0,50,2017,04,06,ID,6,677,6.6,0.4,6.2,0.8,1
5.9,46,2017,04,07,ID,6,677,6.4,-0.5,5.7,0.2,1
5.7,33,2017,04,08,ID,6,677,6.1,-0.4,5.2,0.5,1
6.1,31,2017,04,09,ID,6,677,5.8,0.3,4.7,1.4,1
6.1,37,2017,04,10,ID,6,677,5.5,0.6,4.2,1.9,1
5.9,42,2017,04,11,ID,6,677,5.2,0.7,3.6,2.3,1
5.4,52,2017,04,12,ID,6,677,5.0,0.4,3.1,2.3,1
4.3,47,2017,04,13,ID,6,677,4.7,-0.4,2.6,1.7,1
3.3,34,2017,04,14,ID,6,677,4.4,-1.1,2.1,1.2,1
3.5,36,2017,04,15,ID,6,677,4.2,-0.7,1.6,1.9,1
3.1,48,2017,04,16,ID,6,677,3.9,-0.8,1.1,2.0,1
2.0,46,2017,04,17,ID,6,677,3.7,-1.7,0.8,1.2,1
1.2,42,2017,04,18,ID,6,677,3.4,-2.2,0.6,0.6,1
0.7,42,2017,04,19,ID,6,677,3.2,-2.5,0.3,0.4,1
0.2,37,2017,04,20,ID,6,677,2.9,-2.7,0.2,0.0,1
0.4,37,2017,04,21,ID,6,677,2.7,-2.3,0.2,0.2,1
0.3,38,2017,04,29,ID,6,677,1.0,-0.7,0.0,0.3,1
0.2,42,2017,04,30,ID,6,677,0.9,-0.7,0.0,0.2,1
1.1,30,2018,01,01,ID,6,677,4.3,-3.2,3.9,-2.8,1
1.1,28,2018,01,02,ID,6,677,4.4,-3.3,3.9,-2.8,1
1.0,33,2018,01,03,ID,6,677,4.6,-3.6,4.0,-3.0,1
1.1,36,2018,01,04,ID,6,677,4.7,-3.6,4.0,-2.9,1
1.1,39,2018,01,05,ID,6,677,4.8,-3.7,4.1,-3.0,1
1.2,34,2018,01,06,ID,6,677,4.9,-3.7,4.1,-2.9,1
1.3,30,2018,01,07,ID,6,677,5.1,-3.8,4.2,-2.9,1
1.3,37,2018,01,08,ID,6,677,5.2,-3.9,4.3,-3.0,1
1.4,36,2018,01,09,ID,6,677,5.3,-3.9,4.5,-3.1,1
1.7,31,2018,01,10,ID,6,677,5.4,-3.7,4.7,-3.0,1
1.5,28,2018,01,11,ID,6,677,5.5,-4.0,4.9,-3.4,1
1.9,34,2018,01,12,ID,6,677,5.6,-3.7,5.1,-3.2,1
1.8,33,2018,01,13,ID,6,677,5.7,-3.9,5.3,-3.5,1
1.7,35,2018,01,14,ID,6,677,5.8,-4.1,5.5,-3.8,1
1.7,34,2018,01,15,ID,6,677,5.9,-4.2,5.6,-3.9,1
1.4,33,2018,01,16,ID,6,677,6.0,-4.6,5.7,-4.3,1
1.8,36,2018,01,17,ID,6,677,6.1,-4.3,5.7,-3.9,1
1.7,40,2018,01,18,ID,6,677,6.2,-4.5,5.7,-4.0,1
1.8,32,2018,01,19,ID,6,677,6.3,-4.5,5.8,-4.0,1
2.0,23,2018,01,20,ID,6,677,6.4,-4.4,5.8,-3.8,1
1.9,22,2018,01,21,ID,6,677,6.5,-4.6,5.9,-4.0,1
1.9,21,2018,01,22,ID,6,677,6.6,-4.7,6.0,-4.1,1
1.9,25,2018,01,23,ID,6,677,6.7,-4.8,6.1,-4.2,1
1.9,34,2018,01,24,ID,6,677,6.8,-4.9,6.2,-4.3,1
2.0,30,2018,01,25,ID,6,677,6.9,-4.9,6.3,-4.3,1
1.9,24,2018,01,26,ID,6,677,7.0,-5.1,6.5,-4.6,1
2.1,26,2018,01,27,ID,6,677,7.1,-5.0,6.6,-4.5,1
2.2,33,2018,01,28,ID,6,677,7.2,-5.0,6.8,-4.6,1
2.1,37,2018,01,29,ID,6,677,7.3,-5.2,6.9,-4.8,1
2.2,40,2018,01,30,ID,6,677,7.4,-5.2,6.9,-4.7,1
2.1,33,2018,01,31,ID,6,677,7.4,-5.3,7.0,-4.9,1
2.0,33,2018,02,01,ID,6,677,7.5,-5.5,7.1,-5.1,1
2.1,37,2018,02,02,ID,6,677,7.6,-5.5,7.1,-5.0,1
2.2,39,2018,02,03,ID,6,677,7.7,-5.5,7.1,-4.9,1
2.2,38,2018,02,04,ID,6,677,7.7,-5.5,7.2,-5.0,1
2.2,36,2018,02,05,ID,6,677,7.8,-5.6,7.3,-5.1,1
2.0,31,2018,02,06,ID,6,677,7.9,-5.9,7.4,-5.4,1
2.0,33,2018,02,07,ID,6,677,8.0,-6.0,7.6,-5.6,1
1.9,39,2018,02,08,ID,6,677,8.0,-6.1,7.7,-5.8,1
2.1,37,2018,02,09,ID,6,677,8.1,-6.0,7.8,-5.7,1
1.7,26,2018,02,10,ID,6,677,8.2,-6.5,7.9,-6.2,1
1.5,26,2018,02,11,ID,6,677,8.3,-6.8,8.0,-6.5,1
2.0,29,2018,02,12,ID,6,677,8.4,-6.4,8.2,-6.2,1
1.8,27,2018,02,13,ID,6,677,8.5,-6.7,8.3,-6.5,1
1.7,30,2018,02,14,ID,6,677,8.6,-6.9,8.4,-6.7,1
1.9,24,2018,02,15,ID,6,677,8.7,-6.8,8.5,-6.6,1
1.4,23,2018,02,16,ID,6,677,8.8,-7.4,8.7,-7.3,1
1.9,34,2018,02,17,ID,6,677,8.9,-7.0,8.8,-6.9,1
2.0,28,2018,02,18,ID,6,677,9.1,-7.1,9.0,-7.0,1
2.3,15,2018,02,19,ID,6,677,9.2,-6.9,9.1,-6.8,1
2.3,10,2018,02,20,ID,6,677,9.3,-7.0,9.3,-7.0,1
2.2,17,2018,02,21,ID,6,677,9.4,-7.2,9.4,-7.2,1
2.0,18,2018,02,22,ID,6,677,9.5,-7.5,9.5,-7.5,1
2.3,15,2018,02,23,ID,6,677,9.6,-7.3,9.6,-7.3,1
2.0,15,2018,02,24,ID,6,677,9.7,-7.7,9.6,-7.6,1
2.4,19,2018,02,25,ID,6,677,9.8,-7.4,9.5,-7.1,1
2.4,25,2018,02,26,ID,6,677,9.9,-7.5,9.5,-7.1,1
2.6,23,2018,02,27,ID,6,677,9.9,-7.3,9.4,-6.8,1
2.6,22,2018,02,28,ID,6,677,9.9,-7.3,9.4,-6.8,1
2.5,29,2018,03,01,ID,6,677,10.0,-7.5,9.3,-6.8,1
2.8,29,2018,03,02,ID,6,677,10.1,-7.3,9.3,-6.5,1
2.9,27,2018,03,03,ID,6,677,10.1,-7.2,9.3,-6.4,1
3.2,23,2018,03,04,ID,6,677,10.2,-7.0,9.3,-6.1,1
3.2,22,2018,03,05,ID,6,677,10.2,-7.0,9.3,-6.1,1
3.0,25,2018,03,06,ID,6,677,10.2,-7.2,9.4,-6.4,1
2.9,33,2018,03,07,ID,6,677,10.2,-7.3,9.5,-6.6,1
2.8,36,2018,03,08,ID,6,677,10.2,-7.4,9.5,-6.7,1
2.6,38,2018,03,09,ID,6,677,10.1,-7.5,9.5,-6.9,1
2.6,37,2018,03,10,ID,6,677,10.1,-7.5,9.4,-6.8,1
2.4,40,2018,03,11,ID,6,677,10.0,-7.6,9.4,-7.0,1
2.4,40,2018,03,12,ID,6,677,9.9,-7.5,9.4,-7.0,1
1.9,45,2018,03,13,ID,6,677,9.8,-7.9,9.3,-7.4,1
2.1,39,2018,03,14,ID,6,677,9.8,-7.7,9.1,-7.0,1
2.3,32,2018,03,15,ID,6,677,9.7,-7.4,9.0,-6.7,1
1.9,33,2018,03,16,ID,6,677,9.6,-7.7,8.9,-7.0,1
1.7,29,2018,03,17,ID,6,677,9.6,-7.9,8.8,-7.1,1
1.7,27,2018,03,18,ID,6,677,9.5,-7.8,8.6,-6.9,1
1.5,29,2018,03,19,ID,6,677,9.4,-7.9,8.6,-7.1,1
1.5,35,2018,03,20,ID,6,677,9.3,-7.8,8.5,-7.0,1
1.6,38,2018,03,21,ID,6,677,9.2,-7.6,8.5,-6.9,1
1.7,41,2018,03,22,ID,6,677,9.0,-7.3,8.4,-6.7,1
2.8,38,2018,03,23,ID,6,677,8.8,-6.0,8.3,-5.5,1
2.3,34,2018,03,24,ID,6,677,8.7,-6.4,8.3,-6.0,1
1.8,29,2018,03,25,ID,6,677,8.5,-6.7,8.3,-6.5,1
1.7,28,2018,03,26,ID,6,677,8.4,-6.7,8.3,-6.6,1
1.2,35,2018,03,27,ID,6,677,8.2,-7.0,8.2,-7.0,1
1.9,38,2018,03,28,ID,6,677,8.1,-6.2,8.1,-6.2,1
1.8,38,2018,03,29,ID,6,677,8.0,-6.2,8.0,-6.2,1
1.9,43,2018,03,30,ID,6,677,7.8,-5.9,8.0,-6.1,1
2.2,45,2018,03,31,ID,6,677,7.7,-5.5,8.0,-5.8,1
2.2,43,2018,04,01,ID,6,677,7.6,-5.4,7.9,-5.7,1
1.9,32,2018,04,02,ID,6,677,7.4,-5.5,7.7,-5.8,1
1.8,30,2018,04,03,ID,6,677,7.2,-5.4,7.4,-5.6,1
1.6,39,2018,04,04,ID,6,677,7.0,-5.4,7.1,-5.5,1
1.7,42,2018,04,05,ID,6,677,6.8,-5.1,6.7,-5.0,1
1.5,40,2018,04,06,ID,6,677,6.6,-5.1,6.2,-4.7,1
1.4,41,2018,04,07,ID,6,677,6.4,-5.0,5.7,-4.3,1
1.0,37,2018,04,08,ID,6,677,6.1,-5.1,5.2,-4.2,1
0.6,40,2018,04,09,ID,6,677,5.8,-5.2,4.7,-4.1,1
0.1,46,2018,04,10,ID,6,677,5.5,-5.4,4.2,-4.1,1
2.6,11,2019,01,01,ID,6,677,4.3,-1.7,3.9,-1.3,1
2.6,13,2019,01,02,ID,6,677,4.4,-1.8,3.9,-1.3,1
2.6,20,2019,01,03,ID,6,677,4.6,-2.0,4.0,-1.4,1
2.6,32,2019,01,04,ID,6,677,4.7,-2.1,4.0,-1.4,1
2.5,34,2019,01,05,ID,6,677,4.8,-2.3,4.1,-1.6,1
2.7,28,2019,01,06,ID,6,677,4.9,-2.2,4.1,-1.4,1
3.1,26,2019,01,07,ID,6,677,5.1,-2.0,4.2,-1.1,1
3.6,33,2019,01,08,ID,6,677,5.2,-1.6,4.3,-0.7,1
3.6,38,2019,01,09,ID,6,677,5.3,-1.7,4.5,-0.9,1
3.6,33,2019,01,10,ID,6,677,5.4,-1.8,4.7,-1.1,1
3.6,31,2019,01,11,ID,6,677,5.5,-1.9,4.9,-1.3,1
3.6,28,2019,01,12,ID,6,677,5.6,-2.0,5.1,-1.5,1
3.6,28,2019,01,13,ID,6,677,5.7,-2.1,5.3,-1.7,1
3.6,28,2019,01,14,ID,6,677,5.8,-2.2,5.5,-1.9,1
3.6,30,2019,01,15,ID,6,677,5.9,-2.3,5.6,-2.0,1
3.7,30,2019,01,16,ID,6,677,6.0,-2.3,5.7,-2.0,1
3.8,33,2019,01,17,ID,6,677,6.1,-2.3,5.7,-1.9,1
4.4,28,2019,01,18,ID,6,677,6.2,-1.8,5.7,-1.3,1
4.5,29,2019,01,19,ID,6,677,6.3,-1.8,5.8,-1.3,1
4.6,36,2019,01,20,ID,6,677,6.4,-1.8,5.8,-1.2,1
4.4,26,2019,01,21,ID,6,677,6.5,-2.1,5.9,-1.5,1
4.4,19,2019,01,22,ID,6,677,6.6,-2.2,6.0,-1.6,1
4.4,20,2019,01,23,ID,6,677,6.7,-2.3,6.1,-1.7,1
4.6,29,2019,01,24,ID,6,677,6.8,-2.2,6.2,-1.6,1
4.6,28,2019,01,25,ID,6,677,6.9,-2.3,6.3,-1.7,1
4.4,28,2019,01,26,ID,6,677,7.0,-2.6,6.5,-2.1,1
4.3,30,2019,01,27,ID,6,677,7.1,-2.8,6.6,-2.3,1
4.3,27,2019,01,28,ID,6,677,7.2,-2.9,6.8,-2.5,1
4.3,27,2019,01,29,ID,6,677,7.3,-3.0,6.9,-2.6,1
4.2,26,2019,01,30,ID,6,677,7.4,-3.2,6.9,-2.7,1
4.2,32,2019,01,31,ID,6,677,7.4,-3.2,7.0,-2.8,1
5.5,37,2019,02,01,ID,6,677,7.5,-2.0,7.1,-1.6,1
5.6,36,2019,02,02,ID,6,677,7.6,-2.0,7.1,-1.5,1
5.7,33,2019,02,03,ID,6,677,7.7,-2.0,7.1,-1.4,1
6.0,31,2019,02,04,ID,6,677,7.7,-1.7,7.2,-1.2,1
7.3,26,2019,02,05,ID,6,677,7.8,-0.5,7.3,0.0,1
7.7,16,2019,02,06,ID,6,677,7.9,-0.2,7.4,0.3,1
7.7,13,2019,02,07,ID,6,677,8.0,-0.3,7.6,0.1,1
7.7,18,2019,02,08,ID,6,677,8.0,-0.3,7.7,0.0,1
7.7,23,2019,02,09,ID,6,677,8.1,-0.4,7.8,-0.1,1
7.8,22,2019,02,10,ID,6,677,8.2,-0.4,7.9,-0.1,1
8.1,16,2019,02,11,ID,6,677,8.3,-0.2,8.0,0.1,1
8.1,25,2019,02,12,ID,6,677,8.4,-0.3,8.2,-0.1,1
8.2,28,2019,02,13,ID,6,677,8.5,-0.3,8.3,-0.1,1
9.2,33,2019,02,14,ID,6,677,8.6,0.6,8.4,0.8,1
10.5,28,2019,02,15,ID,6,677,8.7,1.8,8.5,2.0,1
10.9,23,2019,02,16,ID,6,677,8.8,2.1,8.7,2.2,1
11.1,23,2019,02,17,ID,6,677,8.9,2.2,8.8,2.3,1
11.1,18,2019,02,18,ID,6,677,9.1,2.0,9.0,2.1,1
11.1,14,2019,02,19,ID,6,677,9.2,1.9,9.1,2.0,1
11.1,17,2019,02,20,ID,6,677,9.3,1.8,9.3,1.8,1
11.4,18,2019,02,21,ID,6,677,9.4,2.0,9.4,2.0,1
11.4,17,2019,02,22,ID,6,677,9.5,1.9,9.5,1.9,1
11.4,18,2019,02,23,ID,6,677,9.6,1.8,9.6,1.8,1
11.6,27,2019,02,24,ID,6,677,9.7,1.9,9.6,2.0,1
11.9,33,2019,02,25,ID,6,677,9.8,2.1,9.5,2.4,1
12.1,37,2019,02,26,ID,6,677,9.9,2.2,9.5,2.6,1
12.1,36,2019,02,27,ID,6,677,9.9,2.2,9.4,2.7,1
12.2,36,2019,02,28,ID,6,677,9.9,2.3,9.4,2.8,1
12.2,27,2019,03,01,ID,6,677,10.0,2.2,9.3,2.9,1
12.2,27,2019,03,02,ID,6,677,10.1,2.1,9.3,2.9,1
12.2,24,2019,03,03,ID,6,677,10.1,2.1,9.3,2.9,1
12.2,23,2019,03,04,ID,6,677,10.2,2.0,9.3,2.9,1
12.2,33,2019,03,05,ID,6,677,10.2,2.0,9.3,2.9,1
12.3,36,2019,03,06,ID,6,677,10.2,2.1,9.4,2.9,1
12.3,35,2019,03,07,ID,6,677,10.2,2.1,9.5,2.8,1
12.3,29,2019,03,08,ID,6,677,10.2,2.1,9.5,2.8,1
12.3,25,2019,03,09,ID,6,677,10.1,2.2,9.5,2.8,1
12.3,31,2019,03,10,ID,6,677,10.1,2.2,9.4,2.9,1
12.3,33,2019,03,11,ID,6,677,10.0,2.3,9.4,2.9,1
12.3,35,2019,03,12,ID,6,677,9.9,2.4,9.4,2.9,1
11.2,25,2019,03,13,ID,6,677,9.8,1.4,9.3,1.9,1
10.0,26,2019,03,14,ID,6,677,9.8,0.2,9.1,0.9,1
9.6,30,2019,03,15,ID,6,677,9.7,-0.1,9.0,0.6,1
9.2,35,2019,03,16,ID,6,677,9.6,-0.4,8.9,0.3,1
9.3,39,2019,03,17,ID,6,677,9.6,-0.3,8.8,0.5,1
9.6,39,2019,03,18,ID,6,677,9.5,0.1,8.6,1.0,1
9.3,40,2019,03,19,ID,6,677,9.4,-0.1,8.6,0.7,1
8.8,42,2019,03,20,ID,6,677,9.3,-0.5,8.5,0.3,1
9.2,40,2019,03,21,ID,6,677,9.2,0.0,8.5,0.7,1
8.8,35,2019,03,22,ID,6,677,9.0,-0.2,8.4,0.4,1
8.8,38,2019,03,23,ID,6,677,8.8,0.0,8.3,0.5,1
8.8,35,2019,03,24,ID,6,677,8.7,0.1,8.3,0.5,1
8.8,39,2019,03,25,ID,6,677,8.5,0.3,8.3,0.5,1
9.2,46,2019,03,26,ID,6,677,8.4,0.8,8.3,0.9,1
8.8,46,2019,03,27,ID,6,677,8.2,0.6,8.2,0.6,1
8.4,40,2019,03,28,ID,6,677,8.1,0.3,8.1,0.3,1
8.8,32,2019,03,29,ID,6,677,8.0,0.8,8.0,0.8,1
8.8,35,2019,03,30,ID,6,677,7.8,1.0,8.0,0.8,1
8.4,39,2019,03,31,ID,6,677,7.7,0.7,8.0,0.4,1
8.8,39,2019,04,01,ID,6,677,7.6,1.2,7.9,0.9,1
8.4,38,2019,04,02,ID,6,677,7.4,1.0,7.7,0.7,1
8.0,40,2019,04,03,ID,6,677,7.2,0.8,7.4,0.6,1
8.0,45,2019,04,04,ID,6,677,7.0,1.0,7.1,0.9,1
7.6,44,2019,04,05,ID,6,677,6.8,0.8,6.7,0.9,1
6.8,40,2019,04,06,ID,6,677,6.6,0.2,6.2,0.6,1
6.4,42,2019,04,07,ID,6,677,6.4,0.0,5.7,0.7,1
6.4,49,2019,04,08,ID,6,677,6.1,0.3,5.2,1.2,1
5.2,39,2019,04,09,ID,6,677,5.8,-0.6,4.7,0.5,1
5.2,33,2019,04,10,ID,6,677,5.5,-0.3,4.2,1.0,1
5.2,34,2019,04,11,ID,6,677,5.2,0.0,3.6,1.6,1
5.2,35,2019,04,12,ID,6,677,5.0,0.2,3.1,2.1,1
5.2,36,2019,04,13,ID,6,677,4.7,0.5,2.6,2.6,1
5.2,38,2019,04,14,ID,6,677,4.4,0.8,2.1,3.1,1
4.8,40,2019,04,15,ID,6,677,4.2,0.6,1.6,3.2,1
4.8,38,2019,04,16,ID,6,677,3.9,0.9,1.1,3.7,1
5.6,40,2019,04,17,ID,6,677,3.7,1.9,0.8,4.8,1
5.2,47,2019,04,18,ID,6,677,3.4,1.8,0.6,4.6,1
4.0,53,2019,04,19,ID,6,677,3.2,0.8,0.3,3.7,1
3.2,52,2019,04,20,ID,6,677,2.9,0.3,0.2,3.0,1
0.8,40,2019,04,21,ID,6,677,2.7,-1.9,0.2,0.6,1
0.4,45,2019,04,22,ID,6,677,2.5,-2.1,0.0,0.4,1
2.7,25,2020,01,01,ID,6,677,4.3,-1.6,3.9,-1.2,1
3.5,26,2020,01,02,ID,6,677,4.4,-0.9,3.9,-0.4,1
3.5,31,2020,01,03,ID,6,677,4.6,-1.1,4.0,-0.5,1
3.5,31,2020,01,04,ID,6,677,4.7,-1.2,4.0,-0.5,1
3.5,25,2020,01,05,ID,6,677,4.8,-1.3,4.1,-0.6,1
3.7,26,2020,01,06,ID,6,677,4.9,-1.2,4.1,-0.4,1
3.7,33,2020,01,07,ID,6,677,5.1,-1.4,4.2,-0.5,1
3.8,29,2020,01,08,ID,6,677,5.2,-1.4,4.3,-0.5,1
3.9,23,2020,01,09,ID,6,677,5.3,-1.4,4.5,-0.6,1
4.1,18,2020,01,10,ID,6,677,5.4,-1.3,4.7,-0.6,1
4.1,22,2020,01,11,ID,6,677,5.5,-1.4,4.9,-0.8,1
4.4,21,2020,01,12,ID,6,677,5.6,-1.2,5.1,-0.7,1
4.5,23,2020,01,13,ID,6,677,5.7,-1.2,5.3,-0.8,1
4.8,24,2020,01,14,ID,6,677,5.8,-1.0,5.5,-0.7,1
5.4,24,2020,01,15,ID,6,677,5.9,-0.5,5.6,-0.2,1
5.4,35,2020,01,16,ID,6,677,6.0,-0.6,5.7,-0.3,1
5.4,25,2020,01,17,ID,6,677,6.1,-0.7,5.7,-0.3,1
5.4,25,2020,01,18,ID,6,677,6.2,-0.8,5.7,-0.3,1
5.4,31,2020,01,19,ID,6,677,6.3,-0.9,5.8,-0.4,1
5.4,36,2020,01,20,ID,6,677,6.4,-1.0,5.8,-0.4,1
5.4,34,2020,01,21,ID,6,677,6.5,-1.1,5.9,-0.5,1
5.5,31,2020,01,22,ID,6,677,6.6,-1.1,6.0,-0.5,1
5.5,32,2020,01,23,ID,6,677,6.7,-1.2,6.1,-0.6,1
5.5,33,2020,01,24,ID,6,677,6.8,-1.3,6.2,-0.7,1
5.7,33,2020,01,25,ID,6,677,6.9,-1.2,6.3,-0.6,1
5.8,35,2020,01,26,ID,6,677,7.0,-1.2,6.5,-0.7,1
6.2,30,2020,01,27,ID,6,677,7.1,-0.9,6.6,-0.4,1
6.2,30,2020,01,28,ID,6,677,7.2,-1.0,6.8,-0.6,1
6.4,29,2020,01,29,ID,6,677,7.3,-0.9,6.9,-0.5,1
6.4,28,2020,01,30,ID,6,677,7.4,-1.0,6.9,-0.5,1
6.5,28,2020,01,31,ID,6,677,7.4,-0.9,7.0,-0.5,1
6.5,36,2020,02,01,ID,6,677,7.5,-1.0,7.1,-0.6,1
6.5,33,2020,02,02,ID,6,677,7.6,-1.1,7.1,-0.6,1
6.7,15,2020,02,03,ID,6,677,7.7,-1.0,7.1,-0.4,1
6.8,13,2020,02,04,ID,6,677,7.7,-0.9,7.2,-0.4,1
6.8,17,2020,02,05,ID,6,677,7.8,-1.0,7.3,-0.5,1
7.0,29,2020,02,06,ID,6,677,7.9,-0.9,7.4,-0.4,1
7.6,35,2020,02,07,ID,6,677,8.0,-0.4,7.6,0.0,1
7.6,30,2020,02,08,ID,6,677,8.0,-0.4,7.7,-0.1,1
7.6,25,2020,02,09,ID,6,677,8.1,-0.5,7.8,-0.2,1
7.5,23,2020,02,10,ID,6,677,8.2,-0.7,7.9,-0.4,1
7.5,22,2020,02,11,ID,6,677,8.3,-0.8,8.0,-0.5,1
7.5,27,2020,02,12,ID,6,677,8.4,-0.9,8.2,-0.7,1
7.5,28,2020,02,13,ID,6,677,8.5,-1.0,8.3,-0.8,1
7.5,30,2020,02,14,ID,6,677,8.6,-1.1,8.4,-0.9,1
7.5,26,2020,02,15,ID,6,677,8.7,-1.2,8.5,-1.0,1
7.5,29,2020,02,16,ID,6,677,8.8,-1.3,8.7,-1.2,1
7.9,20,2020,02,17,ID,6,677,8.9,-1.0,8.8,-0.9,1
7.9,19,2020,02,18,ID,6,677,9.1,-1.2,9.0,-1.1,1
7.9,19,2020,02,19,ID,6,677,9.2,-1.3,9.1,-1.2,1
7.9,23,2020,02,20,ID,6,677,9.3,-1.4,9.3,-1.4,1
7.9,33,2020,02,21,ID,6,677,9.4,-1.5,9.4,-1.5,1
8.0,39,2020,02,22,ID,6,677,9.5,-1.5,9.5,-1.5,1
8.0,37,2020,02,23,ID,6,677,9.6,-1.6,9.6,-1.6,1
8.0,24,2020,02,24,ID,6,677,9.7,-1.7,9.6,-1.6,1
8.0,24,2020,02,25,ID,6,677,9.8,-1.8,9.5,-1.5,1
8.0,27,2020,02,26,ID,6,677,9.9,-1.9,9.5,-1.5,1
8.0,32,2020,02,27,ID,6,677,9.9,-1.9,9.4,-1.4,1
8.0,38,2020,02,28,ID,6,677,9.9,-1.9,9.4,-1.4,1
8.0,37,2020,02,29,ID,6,677,10.0,-2.0,9.3,-1.3,1
8.0,26,2020,03,01,ID,6,677,10.0,-2.0,9.3,-1.3,1
8.0,28,2020,03,02,ID,6,677,10.1,-2.1,9.3,-1.3,1
7.8,32,2020,03,03,ID,6,677,10.1,-2.3,9.3,-1.5,1
7.8,38,2020,03,04,ID,6,677,10.2,-2.4,9.3,-1.5,1
7.7,43,2020,03,05,ID,6,677,10.2,-2.5,9.3,-1.6,1
7.3,47,2020,03,06,ID,6,677,10.2,-2.9,9.4,-2.1,1
6.8,43,2020,03,07,ID,6,677,10.2,-3.4,9.5,-2.7,1
6.7,36,2020,03,08,ID,6,677,10.2,-3.5,9.5,-2.8,1
6.9,34,2020,03,09,ID,6,677,10.1,-3.2,9.5,-2.6,1
7.0,36,2020,03,10,ID,6,677,10.1,-3.1,9.4,-2.4,1
7.0,41,2020,03,11,ID,6,677,10.0,-3.0,9.4,-2.4,1
7.0,36,2020,03,12,ID,6,677,9.9,-2.9,9.4,-2.4,1
7.0,36,2020,03,13,ID,6,677,9.8,-2.8,9.3,-2.3,1
6.9,35,2020,03,14,ID,6,677,9.8,-2.9,9.1,-2.2,1
6.9,38,2020,03,15,ID,6,677,9.7,-2.8,9.0,-2.1,1
6.8,43,2020,03,16,ID,6,677,9.6,-2.8,8.9,-2.1,1
6.7,42,2020,03,17,ID,6,677,9.6,-2.9,8.8,-2.1,1
6.6,36,2020,03,18,ID,6,677,9.5,-2.9,8.6,-2.0,1
6.7,34,2020,03,19,ID,6,677,9.4,-2.7,8.6,-1.9,1
6.7,35,2020,03,20,ID,6,677,9.3,-2.6,8.5,-1.8,1
6.7,35,2020,03,21,ID,6,677,9.2,-2.5,8.5,-1.8,1
6.7,37,2020,03,22,ID,6,677,9.0,-2.3,8.4,-1.7,1
6.7,38,2020,03,23,ID,6,677,8.8,-2.1,8.3,-1.6,1
6.4,36,2020,03,24,ID,6,677,8.7,-2.3,8.3,-1.9,1
6.3,32,2020,03,25,ID,6,677,8.5,-2.2,8.3,-2.0,1
6.5,28,2020,03,26,ID,6,677,8.4,-1.9,8.3,-1.8,1
7.0,28,2020,03,27,ID,6,677,8.2,-1.2,8.2,-1.2,1
7.0,33,2020,03,28,ID,6,677,8.1,-1.1,8.1,-1.1,1
6.9,36,2020,03,29,ID,6,677,8.0,-1.1,8.0,-1.1,1
6.9,38,2020,03,30,ID,6,677,7.8,-0.9,8.0,-1.1,1
6.4,39,2020,03,31,ID,6,677,7.7,-1.3,8.0,-1.6,1
6.3,28,2020,04,01,ID,6,677,7.6,-1.3,7.9,-1.6,1
6.4,24,2020,04,02,ID,6,677,7.4,-1.0,7.7,-1.3,1
6.8,30,2020,04,03,ID,6,677,7.2,-0.4,7.4,-0.6,1
6.8,39,2020,04,04,ID,6,677,7.0,-0.2,7.1,-0.3,1
6.2,40,2020,04,05,ID,6,677,6.8,-0.6,6.7,-0.5,1
6.1,40,2020,04,06,ID,6,677,6.6,-0.5,6.2,-0.1,1
5.9,45,2020,04,07,ID,6,677,6.4,-0.5,5.7,0.2,1
5.2,49,2020,04,08,ID,6,677,6.1,-0.9,5.2,0.0,1
4.4,50,2020,04,09,ID,6,677,5.8,-1.4,4.7,-0.3,1
3.2,45,2020,04,10,ID,6,677,5.5,-2.3,4.2,-1.0,1
2.2,42,2020,04,11,ID,6,677,5.2,-3.0,3.6,-1.4,1
1.8,30,2020,04,12,ID,6,677,5.0,-3.2,3.1,-1.3,1
1.0,27,2020,04,13,ID,6,677,4.7,-3.7,2.6,-1.6,1
0.4,33,2020,04,14,ID,6,677,4.4,-4.0,2.1,-1.7,1
0.3,33,2020,04,15,ID,6,677,4.2,-3.9,1.6,-1.3,1
0.5,29,2020,04,16,ID,6,677,3.9,-3.4,1.1,-0.6,1
0.2,37,2020,04,17,ID,6,677,3.7,-3.5,0.8,-0.6,1
2.4,21,2021,01,01,ID,6,677,4.3,-1.9,3.9,-1.5,1
2.4,24,2021,01,02,ID,6,677,4.4,-2.0,3.9,-1.5,1
2.5,28,2021,01,03,ID,6,677,4.6,-2.1,4.0,-1.5,1
2.6,32,2021,01,04,ID,6,677,4.7,-2.1,4.0,-1.4,1
2.8,28,2021,01,05,ID,6,677,4.8,-2.0,4.1,-1.3,1
3.0,29,2021,01,06,ID,6,677,4.9,-1.9,4.1,-1.1,1
3.0,29,2021,01,07,ID,6,677,5.1,-2.1,4.2,-1.2,1
3.0,29,2021,01,08,ID,6,677,5.2,-2.2,4.3,-1.3,1
3.0,25,2021,01,09,ID,6,677,5.3,-2.3,4.5,-1.5,1
3.0,18,2021,01,10,ID,6,677,5.4,-2.4,4.7,-1.7,1
3.0,22,2021,01,11,ID,6,677,5.5,-2.5,4.9,-1.9,1
3.0,30,2021,01,12,ID,6,677,5.6,-2.6,5.1,-2.1,1
3.0,31,2021,01,13,ID,6,677,5.7,-2.7,5.3,-2.3,1
3.1,27,2021,01,14,ID,6,677,5.8,-2.7,5.5,-2.4,1
3.1,30,2021,01,15,ID,6,677,5.9,-2.8,5.6,-2.5,1
3.2,30,2021,01,16,ID,6,677,6.0,-2.8,5.7,-2.5,1
3.2,32,2021,01,17,ID,6,677,6.1,-2.9,5.7,-2.5,1
3.2,26,2021,01,18,ID,6,677,6.2,-3.0,5.7,-2.5,1
3.2,27,2021,01,19,ID,6,677,6.3,-3.1,5.8,-2.6,1
3.2,28,2021,01,20,ID,6,677,6.4,-3.2,5.8,-2.6,1
3.2,31,2021,01,21,ID,6,677,6.5,-3.3,5.9,-2.7,1
3.3,35,2021,01,22,ID,6,677,6.6,-3.3,6.0,-2.7,1
3.6,27,2021,01,23,ID,6,677,6.7,-3.1,6.1,-2.5,1
3.7,23,2021,01,24,ID,6,677,6.8,-3.1,6.2,-2.5,1
3.7,23,2021,01,25,ID,6,677,6.9,-3.2,6.3,-2.6,1
3.7,22,2021,01,26,ID,6,677,7.0,-3.3,6.5,-2.8,1
3.7,23,2021,01,27,ID,6,677,7.1,-3.4,6.6,-2.9,1
3.7,34,2021,01,28,ID,6,677,7.2,-3.5,6.8,-3.1,1
3.9,33,2021,01,29,ID,6,677,7.3,-3.4,6.9,-3.0,1
4.3,27,2021,01,30,ID,6,677,7.4,-3.1,6.9,-2.6,1
4.3,30,2021,01,31,ID,6,677,7.4,-3.1,7.0,-2.7,1
4.3,36,2021,02,01,ID,6,677,7.5,-3.2,7.1,-2.8,1
4.3,38,2021,02,02,ID,6,677,7.6,-3.3,7.1,-2.8,1
4.3,29,2021,02,03,ID,6,677,7.7,-3.4,7.1,-2.8,1
4.3,24,2021,02,04,ID,6,677,7.7,-3.4,7.2,-2.9,1
4.3,27,2021,02,05,ID,6,677,7.8,-3.5,7.3,-3.0,1
5.3,30,2021,02,06,ID,6,677,7.9,-2.6,7.4,-2.1,1
5.3,31,2021,02,07,ID,6,677,8.0,-2.7,7.6,-2.3,1
5.3,31,2021,02,08,ID,6,677,8.0,-2.7,7.7,-2.4,1
5.3,33,2021,02,09,ID,6,677,8.1,-2.8,7.8,-2.5,1
5.3,32,2021,02,10,ID,6,677,8.2,-2.9,7.9,-2.6,1
5.3,32,2021,02,11,ID,6,677,8.3,-3.0,8.0,-2.7,1
5.4,31,2021,02,12,ID,6,677,8.4,-3.0,8.2,-2.8,1
5.7,29,2021,02,13,ID,6,677,8.5,-2.8,8.3,-2.6,1
6.1,21,2021,02,14,ID,6,677,8.6,-2.5,8.4,-2.3,1
6.1,25,2021,02,15,ID,6,677,8.7,-2.6,8.5,-2.4,1
6.9,27,2021,02,16,ID,6,677,8.8,-1.9,8.7,-1.8,1
7.1,23,2021,02,17,ID,6,677,8.9,-1.8,8.8,-1.7,1
7.2,20,2021,02,18,ID,6,677,9.1,-1.9,9.0,-1.8,1
7.2,26,2021,02,19,ID,6,677,9.2,-2.0,9.1,-1.9,1
7.4,27,2021,02,20,ID,6,677,9.3,-1.9,9.3,-1.9,1
7.4,24,2021,02,21,ID,6,677,9.4,-2.0,9.4,-2.0,1
7.4,31,2021,02,22,ID,6,677,9.5,-2.1,9.5,-2.1,1
7.4,29,2021,02,23,ID,6,677,9.6,-2.2,9.6,-2.2,1
7.4,23,2021,02,24,ID,6,677,9.7,-2.3,9.6,-2.2,1
7.4,22,2021,02,25,ID,6,677,9.8,-2.4,9.5,-2.1,1
7.4,22,2021,02,26,ID,6,677,9.9,-2.5,9.5,-2.1,1
7.6,19,2021,02,27,ID,6,677,9.9,-2.3,9.4,-1.8,1
7.7,20,2021,02,28,ID,6,677,9.9,-2.2,9.4,-1.7,1
7.7,28,2021,03,01,ID,6,677,10.0,-2.3,9.3,-1.6,1
7.8,36,2021,03,02,ID,6,677,10.1,-2.3,9.3,-1.5,1
7.8,43,2021,03,03,ID,6,677,10.1,-2.3,9.3,-1.5,1
7.8,40,2021,03,04,ID,6,677,10.2,-2.4,9.3,-1.5,1
7.8,42,2021,03,05,ID,6,677,10.2,-2.4,9.3,-1.5,1
7.8,41,2021,03,06,ID,6,677,10.2,-2.4,9.4,-1.6,1
7.7,40,2021,03,07,ID,6,677,10.2,-2.5,9.5,-1.8,1
7.3,43,2021,03,08,ID,6,677,10.2,-2.9,9.5,-2.2,1
7.2,30,2021,03,09,ID,6,677,10.1,-2.9,9.5,-2.3,1
7.2,31,2021,03,10,ID,6,677,10.1,-2.9,9.4,-2.2,1
7.2,32,2021,03,11,ID,6,677,10.0,-2.8,9.4,-2.2,1
7.2,35,2021,03,12,ID,6,677,9.9,-2.7,9.4,-2.2,1
7.2,38,2021,03,13,ID,6,677,9.8,-2.6,9.3,-2.1,1
7.1,41,2021,03,14,ID,6,677,9.8,-2.7,9.1,-2.0,1
7.0,42,2021,03,15,ID,6,677,9.7,-2.7,9.0,-2.0,1
6.1,39,2021,03,16,ID,6,677,9.6,-3.5,8.9,-2.8,1
5.7,40,2021,03,17,ID,6,677,9.6,-3.9,8.8,-3.1,1
5.5,44,2021,03,18,ID,6,677,9.5,-4.0,8.6,-3.1,1
4.8,46,2021,03,19,ID,6,677,9.4,-4.6,8.6,-3.8,1
4.6,34,2021,03,20,ID,6,677,9.3,-4.7,8.5,-3.9,1
4.6,29,2021,03,21,ID,6,677,9.2,-4.6,8.5,-3.9,1
4.6,28,2021,03,22,ID,6,677,9.0,-4.4,8.4,-3.8,1
4.9,31,2021,03,23,ID,6,677,8.8,-3.9,8.3,-3.4,1
4.9,31,2021,03,24,ID,6,677,8.7,-3.8,8.3,-3.4,1
4.9,31,2021,03,25,ID,6,677,8.5,-3.6,8.3,-3.4,1
4.9,32,2021,03,26,ID,6,677,8.4,-3.5,8.3,-3.4,1
4.9,37,2021,03,27,ID,6,677,8.2,-3.3,8.2,-3.3,1
4.9,44,2021,03,28,ID,6,677,8.1,-3.2,8.1,-3.2,1
4.9,30,2021,03,29,ID,6,677,8.0,-3.1,8.0,-3.1,1
4.9,26,2021,03,30,ID,6,677,7.8,-2.9,8.0,-3.1,1
4.7,34,2021,03,31,ID,6,677,7.7,-3.0,8.0,-3.3,1
4.1,44,2021,04,01,ID,6,677,7.6,-3.5,7.9,-3.8,1
3.1,52,2021,04,02,ID,6,677,7.4,-4.3,7.7,-4.6,1
1.9,57,2021,04,03,ID,6,677,7.2,-5.3,7.4,-5.5,1
0.9,57,2021,04,04,ID,6,677,7.0,-6.1,7.1,-6.2,1
0.1,42,2021,04,05,ID,6,677,6.8,-6.7,6.7,-6.6,1
0.1,75,2021,06,15,ID,6,677,0.0,0.1,0.0,0.1,1
